100.414 99.414 98.414 97.414 96.414 95.414 94.414 93.414 92.414 91.414 90.414 89.414 88.414 87.414 86.414 85.414 84.414 83.414 82.414 81.414 80.414 79.414 78.414 77.414 76.414 75.414 74.414 73.414 72.414 71.414 70.414 69.414 68.414 67.414 66.414 65.414 64.414 63.414 62.414 61.414 60.414 59.414 58.414 57.414 56.414 55.414 54.414 53.414 52.414 51.414 50.414 49.414 48.414 47.414 46.414 45.414 44.414 43.414 42.414 41.414 40.414 39.414 38.414 37.414 36.414 35.414 34.414 33.414 32.414 31.414 30.414 29.414 28.414 27.414 26.414 25.414 24.414 23.414 22.414 21.414 20.414 19.414 18.414 17.414 16.414 15.414 14.414 13.414 12.414 11.414 10.414 9.414 8.414 7.414 6.414 5.414 4.414 3.414 2.414 1.414 1.0 1.0 1.0 1.0 1.0 1.0 1.414 2.414 3.414 4.414 5.414 6.414 7.414 8.414 9.414 10.414 11.414 12.414 13.414 14.414 15.414 16.414 17.414 18.414 19.414 20.414 21.414 22.414 23.414 24.414 25.414 26.414 27.414 28.414 29.414 30.414 31.414 32.414 33.414 34.414 35.414 36.414 37.414 38.414 39.414 40.414 41.414 42.414 43.414 44.414 45.414 46.414 47.414 48.414 49.414 50.414 51.414 52.414 53.414 54.414 55.414 56.414 57.414 58.414 59.414 60.414 61.414 62.414 63.414 64.414 65.414 66.414 67.414 68.414 69.414 70.414 71.414 72.414 73.414 74.414 75.414 76.414 77.414 78.414 79.414 80.414 81.414 82.414 83.414 84.414 85.414 86.414 87.414 88.414 89.414 90.414 91.414 92.414 93.414 94.414 
100.828 99.0 98.0 97.0 96.0 95.0 94.0 93.0 92.0 91.0 90.0 89.0 88.0 87.0 86.0 85.0 84.0 83.0 82.0 81.0 80.0 79.0 78.0 77.0 76.0 75.0 74.0 73.0 72.0 71.0 70.0 69.0 68.0 67.0 66.0 65.0 64.0 63.0 62.0 61.0 60.0 59.0 58.0 57.0 56.0 55.0 54.0 53.0 52.0 51.0 50.0 49.0 48.0 47.0 46.0 45.0 44.0 43.0 42.0 41.0 40.0 39.0 38.0 37.0 36.0 35.0 34.0 33.0 32.0 31.0 30.0 29.0 28.0 27.0 26.0 25.0 24.0 23.0 22.0 21.0 20.0 19.0 18.0 17.0 16.0 15.0 14.0 13.0 12.0 11.0 10.0 9.0 8.0 7.0 6.0 5.0 4.0 3.0 2.0 1.0 0.0 0.0 0.0 0.0 0.0 0.0 1.0 2.0 3.0 4.0 5.0 6.0 7.0 8.0 9.0 10.0 11.0 12.0 13.0 14.0 15.0 16.0 17.0 18.0 19.0 20.0 21.0 22.0 23.0 24.0 25.0 26.0 27.0 28.0 29.0 30.0 31.0 32.0 33.0 34.0 35.0 36.0 37.0 38.0 39.0 40.0 41.0 42.0 43.0 44.0 45.0 46.0 47.0 48.0 49.0 50.0 51.0 52.0 53.0 54.0 55.0 56.0 57.0 58.0 59.0 60.0 61.0 62.0 63.0 64.0 65.0 66.0 67.0 68.0 69.0 70.0 71.0 72.0 73.0 74.0 75.0 76.0 77.0 78.0 79.0 80.0 81.0 82.0 83.0 84.0 85.0 86.0 87.0 88.0 89.0 90.0 91.0 92.0 93.0 94.0 
100.414 99.0 98.0 97.0 96.0 95.0 94.0 93.0 92.0 91.0 90.0 89.0 88.0 87.0 86.0 85.0 84.0 83.0 82.0 81.0 80.0 79.0 78.0 77.0 76.0 75.0 74.0 73.0 72.0 71.0 70.0 69.0 68.0 67.0 66.0 65.0 64.0 63.0 62.0 61.0 60.0 59.0 58.0 57.0 56.0 55.0 54.0 53.0 52.0 51.0 50.0 49.0 48.0 47.0 46.0 45.0 44.0 43.0 42.0 41.0 40.0 39.0 38.0 37.0 36.0 35.0 34.0 33.0 32.0 31.0 30.0 29.0 28.0 27.0 26.0 25.0 24.0 23.0 22.0 21.0 20.0 19.0 18.0 17.0 16.0 15.0 14.0 13.0 12.0 11.0 10.0 9.0 8.0 7.0 6.0 5.0 4.0 3.0 2.0 1.0 0.0 0.0 0.0 0.0 0.0 0.0 1.0 2.0 3.0 4.0 5.0 6.0 7.0 8.0 9.0 10.0 11.0 12.0 13.0 14.0 15.0 16.0 17.0 18.0 19.0 20.0 21.0 22.0 23.0 24.0 25.0 26.0 27.0 28.0 29.0 30.0 31.0 32.0 33.0 34.0 35.0 36.0 37.0 38.0 39.0 40.0 41.0 42.0 43.0 44.0 45.0 46.0 47.0 48.0 49.0 50.0 51.0 52.0 53.0 54.0 55.0 56.0 57.0 58.0 59.0 60.0 61.0 62.0 63.0 64.0 65.0 66.0 67.0 68.0 69.0 70.0 71.0 72.0 73.0 74.0 75.0 76.0 77.0 78.0 79.0 80.0 81.0 82.0 83.0 84.0 85.0 86.0 87.0 88.0 89.0 90.0 91.0 92.0 93.0 94.0 
100.414 99.0 98.0 97.0 96.0 95.0 94.0 93.0 92.0 91.0 90.0 89.0 88.0 87.0 86.0 85.0 84.0 83.0 82.0 81.0 80.0 79.0 78.0 77.0 76.0 75.0 74.0 73.0 72.0 71.0 70.0 69.0 68.0 67.0 66.0 65.0 64.0 63.0 62.0 61.0 60.0 59.0 58.0 57.0 56.0 55.0 54.0 53.0 52.0 51.0 50.0 49.0 48.0 47.0 46.0 45.0 44.0 43.0 42.0 41.0 40.0 39.0 38.0 37.0 36.0 35.0 34.0 33.0 32.0 31.0 30.0 29.0 28.0 27.0 26.0 25.0 24.0 23.0 22.0 21.0 20.0 19.0 18.0 17.0 16.0 15.0 14.0 13.0 12.0 11.0 10.0 9.0 8.0 7.0 6.0 5.0 4.0 3.0 2.0 1.0 0.0 0.0 0.0 0.0 0.0 0.0 1.0 2.0 3.0 4.0 5.0 6.0 7.0 8.0 9.0 10.0 11.0 12.0 13.0 14.0 15.0 16.0 17.0 18.0 19.0 20.0 21.0 22.0 23.0 24.0 25.0 26.0 27.0 28.0 29.0 30.0 31.0 32.0 33.0 34.0 35.0 36.0 37.0 38.0 39.0 40.0 41.0 42.0 43.0 44.0 45.0 46.0 47.0 48.0 49.0 50.0 51.0 52.0 53.0 54.0 55.0 56.0 57.0 58.0 59.0 60.0 61.0 62.0 63.0 64.0 65.0 66.0 67.0 68.0 69.0 70.0 71.0 72.0 73.0 74.0 75.0 76.0 77.0 78.0 79.0 80.0 81.0 82.0 83.0 84.0 85.0 86.0 87.0 88.0 89.0 90.0 91.0 92.0 93.0 94.0 
100.414 99.0 98.0 97.0 96.0 95.0 94.0 93.0 92.0 91.0 90.0 89.0 88.0 87.0 86.0 85.0 84.0 83.0 82.0 81.0 80.0 79.0 78.0 77.0 76.0 75.0 74.0 73.0 72.0 71.0 70.0 69.0 68.0 67.0 66.0 65.0 64.0 63.0 62.0 61.0 60.0 59.0 58.0 57.0 56.0 55.0 54.0 53.0 52.0 51.0 50.0 49.0 48.0 47.0 46.0 45.0 44.0 43.0 42.0 41.0 40.0 39.0 38.0 37.0 36.0 35.0 34.0 33.0 32.0 31.0 30.0 29.0 28.0 27.0 26.0 25.0 24.0 23.0 22.0 21.0 20.0 19.0 18.0 17.0 16.0 15.0 14.0 13.0 12.0 11.0 10.0 9.0 8.0 7.0 6.0 5.0 4.0 3.0 2.0 1.0 0.0 0.0 0.0 0.0 0.0 0.0 1.0 2.0 3.0 4.0 5.0 6.0 7.0 8.0 9.0 10.0 11.0 12.0 13.0 14.0 15.0 16.0 17.0 18.0 19.0 20.0 21.0 22.0 23.0 24.0 25.0 26.0 27.0 28.0 29.0 30.0 31.0 32.0 33.0 34.0 35.0 36.0 37.0 38.0 39.0 40.0 41.0 42.0 43.0 44.0 45.0 46.0 47.0 48.0 49.0 50.0 51.0 52.0 53.0 54.0 55.0 56.0 57.0 58.0 59.0 60.0 61.0 62.0 63.0 64.0 65.0 66.0 67.0 68.0 69.0 70.0 71.0 72.0 73.0 74.0 75.0 76.0 77.0 78.0 79.0 80.0 81.0 82.0 83.0 84.0 85.0 86.0 87.0 88.0 89.0 90.0 91.0 92.0 93.0 94.0 
100.414 99.414 98.414 97.414 96.414 95.414 94.414 93.414 92.414 91.414 90.414 89.414 88.414 87.414 86.414 85.414 84.414 83.414 82.414 81.414 80.414 79.414 78.414 77.414 76.414 75.414 74.414 73.414 72.414 71.414 70.414 69.414 68.414 67.414 66.414 65.414 64.414 63.414 62.414 61.414 60.414 59.414 58.414 57.414 56.414 55.414 54.414 53.414 52.414 51.414 50.414 49.414 48.414 47.414 46.414 45.414 44.414 43.414 42.414 41.414 40.414 39.414 38.414 37.414 36.414 35.414 34.414 33.414 32.414 31.414 30.414 29.414 28.414 27.414 26.414 25.414 24.414 23.414 22.414 21.414 20.414 19.414 18.414 17.414 16.414 15.414 14.414 13.414 12.414 11.414 10.414 9.414 8.414 7.414 6.414 5.414 4.414 3.414 2.414 1.414 1.0 1.0 1.0 1.0 1.0 1.0 1.414 2.414 3.414 4.414 5.414 6.414 7.414 8.414 9.414 10.414 11.414 12.414 13.414 14.414 15.414 16.414 17.414 18.414 19.414 20.414 21.414 22.414 23.414 24.414 25.414 26.414 27.414 28.414 29.414 30.414 31.414 32.414 33.414 34.414 35.414 36.414 37.414 38.414 39.414 40.414 41.414 42.414 43.414 44.414 45.414 46.414 47.414 48.414 49.414 50.414 51.414 52.414 53.414 54.414 55.414 56.414 57.414 58.414 59.414 60.414 61.414 62.414 63.414 64.414 65.414 66.414 67.414 68.414 69.414 70.414 71.414 72.414 73.414 74.414 75.414 76.414 77.414 78.414 79.414 80.414 81.414 82.414 83.414 84.414 85.414 86.414 87.414 88.414 89.414 90.414 91.414 92.414 93.414 94.414 
100.828 99.828 98.828 97.828 96.828 95.828 94.828 93.828 92.828 91.828 90.828 89.828 88.828 87.828 86.828 85.828 84.828 83.828 82.828 81.828 80.828 79.828 78.828 77.828 76.828 75.828 74.828 73.828 72.828 71.828 70.828 69.828 68.828 67.828 66.828 65.828 64.828 63.828 62.828 61.828 60.828 59.828 58.828 57.828 56.828 55.828 54.828 53.828 52.828 51.828 50.828 49.828 48.828 47.828 46.828 45.828 44.828 43.828 42.828 41.828 40.828 39.828 38.828 37.828 36.828 35.828 34.828 33.828 32.828 31.828 30.828 29.828 28.828 27.828 26.828 25.828 24.828 23.828 22.828 21.828 20.828 19.828 18.828 17.828 16.828 15.828 14.828 13.828 12.828 11.828 10.828 9.828 8.828 7.828 6.828 5.828 4.828 3.828 2.828 2.414 2.0 2.0 2.0 2.0 2.0 2.0 2.414 2.828 3.828 4.828 5.828 6.828 7.828 8.828 9.828 10.828 11.828 12.828 13.828 14.828 15.828 16.828 17.828 18.828 19.828 20.828 21.828 22.828 23.828 24.828 25.828 26.828 27.828 28.828 29.828 30.828 31.828 32.828 33.828 34.828 35.828 36.828 37.828 38.828 39.828 40.828 41.828 42.828 43.828 44.828 45.828 46.828 47.828 48.828 49.828 50.828 51.828 52.828 53.828 54.828 55.828 56.828 57.828 58.828 59.828 60.828 61.828 62.828 63.828 64.828 65.828 66.828 67.828 68.828 69.828 70.828 71.828 72.828 73.828 74.828 75.828 76.828 77.828 78.828 79.828 80.828 81.828 82.828 83.828 84.828 85.828 86.828 87.828 88.828 89.828 90.828 91.828 92.828 93.828 94.828 
101.242 100.242 99.242 98.242 97.242 96.242 95.242 94.242 93.242 92.242 91.242 90.242 89.242 88.242 87.242 86.242 85.242 84.242 83.242 82.242 81.242 80.242 79.242 78.242 77.242 76.242 75.242 74.242 73.242 72.242 71.242 70.242 69.242 68.242 67.242 66.242 65.242 64.242 63.242 62.242 61.242 60.242 59.242 58.242 57.242 56.242 55.242 54.242 53.242 52.242 51.242 50.242 49.242 48.242 47.242 46.242 45.242 44.242 43.242 42.242 41.242 40.242 39.242 38.242 37.242 36.242 35.242 34.242 33.242 32.242 31.242 30.242 29.242 28.242 27.242 26.242 25.242 24.242 23.242 22.242 21.242 20.242 19.242 18.242 17.242 16.242 15.242 14.242 13.242 12.242 11.242 10.242 9.242 8.242 7.242 6.242 5.242 4.242 3.828 3.414 3.0 3.0 3.0 3.0 3.0 3.0 3.414 3.828 4.242 5.242 6.242 7.242 8.242 9.242 10.242 11.242 12.242 13.242 14.242 15.242 16.242 17.242 18.242 19.242 20.242 21.242 22.242 23.242 24.242 25.242 26.242 27.242 28.242 29.242 30.242 31.242 32.242 33.242 34.242 35.242 36.242 37.242 38.242 39.242 40.242 41.242 42.242 43.242 44.242 45.242 46.242 47.242 48.242 49.242 50.242 51.242 52.242 53.242 54.242 55.242 56.242 57.242 58.242 59.242 60.242 61.242 62.242 63.242 64.242 65.242 66.242 67.242 68.242 69.242 70.242 71.242 72.242 73.242 74.242 75.242 76.242 77.242 78.242 79.242 80.242 81.242 82.242 83.242 84.242 85.242 86.242 87.242 88.242 89.242 90.242 91.242 92.242 93.242 94.242 95.242 
101.656 100.656 99.656 98.656 97.656 96.656 95.656 94.656 93.656 92.656 91.656 90.656 89.656 88.656 87.656 86.656 85.656 84.656 83.656 82.656 81.656 80.656 79.656 78.656 77.656 76.656 75.656 74.656 73.656 72.656 71.656 70.656 69.656 68.656 67.656 66.656 65.656 64.656 63.656 62.656 61.656 60.656 59.656 58.656 57.656 56.656 55.656 54.656 53.656 52.656 51.656 50.656 49.656 48.656 47.656 46.656 45.656 44.656 43.656 42.656 41.656 40.656 39.656 38.656 37.656 36.656 35.656 34.656 33.656 32.656 31.656 30.656 29.656 28.656 27.656 26.656 25.656 24.656 23.656 22.656 21.656 20.656 19.656 18.656 17.656 16.656 15.656 14.656 13.656 12.656 11.656 10.656 9.656 8.656 7.656 6.656 5.656 5.242 4.828 4.414 4.0 4.0 4.0 4.0 4.0 4.0 4.414 4.828 5.242 5.656 6.656 7.656 8.656 9.656 10.656 11.656 12.656 13.656 14.656 15.656 16.656 17.656 18.656 19.656 20.656 21.656 22.656 23.656 24.656 25.656 26.656 27.656 28.656 29.656 30.656 31.656 32.656 33.656 34.656 35.656 36.656 37.656 38.656 39.656 40.656 41.656 42.656 43.656 44.656 45.656 46.656 47.656 48.656 49.656 50.656 51.656 52.656 53.656 54.656 55.656 56.656 57.656 58.656 59.656 60.656 61.656 62.656 63.656 64.656 65.656 66.656 67.656 68.656 69.656 70.656 71.656 72.656 73.656 74.656 75.656 76.656 77.656 78.656 79.656 80.656 81.656 82.656 83.656 84.656 85.656 86.656 87.656 88.656 89.656 90.656 91.656 92.656 93.656 94.656 95.656 
102.071 101.071 100.071 99.071 98.071 97.071 96.071 95.071 94.071 93.071 92.071 91.071 90.071 89.071 88.071 87.071 86.071 85.071 84.071 83.071 82.071 81.071 80.071 79.071 78.071 77.071 76.071 75.071 74.071 73.071 72.071 71.071 70.071 69.071 68.071 67.071 66.071 65.071 64.071 63.071 62.071 61.071 60.071 59.071 58.071 57.071 56.071 55.071 54.071 53.071 52.071 51.071 50.071 49.071 48.071 47.071 46.071 45.071 44.071 43.071 42.071 41.071 40.071 39.071 38.071 37.071 36.071 35.071 34.071 33.071 32.071 31.071 30.071 29.071 28.071 27.071 26.071 25.071 24.071 23.071 22.071 21.071 20.071 19.071 18.071 17.071 16.071 15.071 14.071 13.071 12.071 11.071 10.071 9.071 8.071 7.071 6.656 6.242 5.828 5.414 5.0 5.0 5.0 5.0 5.0 5.0 5.414 5.828 6.242 6.656 7.071 8.071 9.071 10.071 11.071 12.071 13.071 14.071 15.071 16.071 17.071 18.071 19.071 20.071 21.071 22.071 23.071 24.071 25.071 26.071 27.071 28.071 29.071 30.071 31.071 32.071 33.071 34.071 35.071 36.071 37.071 38.071 39.071 40.071 41.071 42.071 43.071 44.071 45.071 46.071 47.071 48.071 49.071 50.071 51.071 52.071 53.071 54.071 55.071 56.071 57.071 58.071 59.071 60.071 61.071 62.071 63.071 64.071 65.071 66.071 67.071 68.071 69.071 70.071 71.071 72.071 73.071 74.071 75.071 76.071 77.071 78.071 79.071 80.071 81.071 82.071 83.071 84.071 85.071 86.071 87.071 88.071 89.071 90.071 91.071 92.071 93.071 94.071 95.071 96.071 
102.485 101.485 100.485 99.485 98.485 97.485 96.485 95.485 94.485 93.485 92.485 91.485 90.485 89.485 88.485 87.485 86.485 85.485 84.485 83.485 82.485 81.485 80.485 79.485 78.485 77.485 76.485 75.485 74.485 73.485 72.485 71.485 70.485 69.485 68.485 67.485 66.485 65.485 64.485 63.485 62.485 61.485 60.485 59.485 58.485 57.485 56.485 55.485 54.485 53.485 52.485 51.485 50.485 49.485 48.485 47.485 46.485 45.485 44.485 43.485 42.485 41.485 40.485 39.485 38.485 37.485 36.485 35.485 34.485 33.485 32.485 31.485 30.485 29.485 28.485 27.485 26.485 25.485 24.485 23.485 22.485 21.485 20.485 19.485 18.485 17.485 16.485 15.485 14.485 13.485 12.485 11.485 10.485 9.485 8.485 8.071 7.656 7.242 6.828 6.414 6.0 6.0 6.0 6.0 6.0 6.0 6.414 6.828 7.242 7.656 8.071 8.485 9.485 10.485 11.485 12.485 13.485 14.485 15.485 16.485 17.485 18.485 19.485 20.485 21.485 22.485 23.485 24.485 25.485 26.485 27.485 28.485 29.485 30.485 31.485 32.485 33.485 34.485 35.485 36.485 37.485 38.485 39.485 40.485 41.485 42.485 43.485 44.485 45.485 46.485 47.485 48.485 49.485 50.485 51.485 52.485 53.485 54.485 55.485 56.485 57.485 58.485 59.485 60.485 61.485 62.485 63.485 64.485 65.485 66.485 67.485 68.485 69.485 70.485 71.485 72.485 73.485 74.485 75.485 76.485 77.485 78.485 79.485 80.485 81.485 82.485 83.485 84.485 85.485 86.485 87.485 88.485 89.485 90.485 91.485 92.485 93.485 94.485 95.485 96.485 
102.899 101.899 100.899 99.899 98.899 97.899 96.899 95.899 94.899 93.899 92.899 91.899 90.899 89.899 88.899 87.899 86.899 85.899 84.899 83.899 82.899 81.899 80.899 79.899 78.899 77.899 76.899 75.899 74.899 73.899 72.899 71.899 70.899 69.899 68.899 67.899 66.899 65.899 64.899 63.899 62.899 61.899 60.899 59.899 58.899 57.899 56.899 55.899 54.899 53.899 52.899 51.899 50.899 49.899 48.899 47.899 46.899 45.899 44.899 43.899 42.899 41.899 40.899 39.899 38.899 37.899 36.899 35.899 34.899 33.899 32.899 31.899 30.899 29.899 28.899 27.899 26.899 25.899 24.899 23.899 22.899 21.899 20.899 19.899 18.899 17.899 16.899 15.899 14.899 13.899 12.899 11.899 10.899 9.899 9.485 9.071 8.656 8.242 7.828 7.414 7.0 7.0 7.0 7.0 7.0 7.0 7.414 7.828 8.242 8.656 9.071 9.485 9.899 10.899 11.899 12.899 13.899 14.899 15.899 16.899 17.899 18.899 19.899 20.899 21.899 22.899 23.899 24.899 25.899 26.899 27.899 28.899 29.899 30.899 31.899 32.899 33.899 34.899 35.899 36.899 37.899 38.899 39.899 40.899 41.899 42.899 43.899 44.899 45.899 46.899 47.899 48.899 49.899 50.899 51.899 52.899 53.899 54.899 55.899 56.899 57.899 58.899 59.899 60.899 61.899 62.899 63.899 64.899 65.899 66.899 67.899 68.899 69.899 70.899 71.899 72.899 73.899 74.899 75.899 76.899 77.899 78.899 79.899 80.899 81.899 82.899 83.899 84.899 85.899 86.899 87.899 88.899 89.899 90.899 91.899 92.899 93.899 94.899 95.899 96.899 
103.313 102.313 101.313 100.313 99.313 98.313 97.313 96.313 95.313 94.313 93.313 92.313 91.313 90.313 89.313 88.313 87.313 86.313 85.313 84.313 83.313 82.313 81.313 80.313 79.313 78.313 77.313 76.313 75.313 74.313 73.313 72.313 71.313 70.313 69.313 68.313 67.313 66.313 65.313 64.313 63.313 62.313 61.313 60.313 59.313 58.313 57.313 56.313 55.313 54.313 53.313 52.313 51.313 50.313 49.313 48.313 47.313 46.313 45.313 44.313 43.313 42.313 41.313 40.313 39.313 38.313 37.313 36.313 35.313 34.313 33.313 32.313 31.313 30.313 29.313 28.313 27.313 26.313 25.313 24.313 23.313 22.313 21.313 20.313 19.313 18.313 17.313 16.313 15.313 14.313 13.313 12.313 11.313 10.899 10.485 10.071 9.656 9.242 8.828 8.414 8.0 8.0 8.0 8.0 8.0 8.0 8.414 8.828 9.242 9.656 10.071 10.485 10.899 11.313 12.313 13.313 14.313 15.313 16.313 17.313 18.313 19.313 20.313 21.313 22.313 23.313 24.313 25.313 26.313 27.313 28.313 29.313 30.313 31.313 32.313 33.313 34.313 35.313 36.313 37.313 38.313 39.313 40.313 41.313 42.313 43.313 44.313 45.313 46.313 47.313 48.313 49.313 50.313 51.313 52.313 53.313 54.313 55.313 56.313 57.313 58.313 59.313 60.313 61.313 62.313 63.313 64.313 65.313 66.313 67.313 68.313 69.313 70.313 71.313 72.313 73.313 74.313 75.313 76.313 77.313 78.313 79.313 80.313 81.313 82.313 83.313 84.313 85.313 86.313 87.313 88.313 89.313 90.313 91.313 92.313 93.313 94.313 95.313 96.313 97.313 
103.727 102.727 101.727 100.727 99.727 98.727 97.727 96.727 95.727 94.727 93.727 92.727 91.727 90.727 89.727 88.727 87.727 86.727 85.727 84.727 83.727 82.727 81.727 80.727 79.727 78.727 77.727 76.727 75.727 74.727 73.727 72.727 71.727 70.727 69.727 68.727 67.727 66.727 65.727 64.727 63.727 62.727 61.727 60.727 59.727 58.727 57.727 56.727 55.727 54.727 53.727 52.727 51.727 50.727 49.727 48.727 47.727 46.727 45.727 44.727 43.727 42.727 41.727 40.727 39.727 38.727 37.727 36.727 35.727 34.727 33.727 32.727 31.727 30.727 29.727 28.727 27.727 26.727 25.727 24.727 23.727 22.727 21.727 20.727 19.727 18.727 17.727 16.727 15.727 14.727 13.727 12.727 12.313 11.899 11.485 11.071 10.656 10.242 9.828 9.414 9.0 9.0 9.0 9.0 9.0 9.0 9.414 9.828 10.242 10.656 11.071 11.485 11.899 12.313 12.727 13.727 14.727 15.727 16.727 17.727 18.727 19.727 20.727 21.727 22.727 23.727 24.727 25.727 26.727 27.727 28.727 29.727 30.727 31.727 32.727 33.727 34.727 35.727 36.727 37.727 38.727 39.727 40.727 41.727 42.727 43.727 44.727 45.727 46.727 47.727 48.727 49.727 50.727 51.727 52.727 53.727 54.727 55.727 56.727 57.727 58.727 59.727 60.727 61.727 62.727 63.727 64.727 65.727 66.727 67.727 68.727 69.727 70.727 71.727 72.727 73.727 74.727 75.727 76.727 77.727 78.727 79.727 80.727 81.727 82.727 83.727 84.727 85.727 86.727 87.727 88.727 89.727 90.727 91.727 92.727 93.727 94.727 95.727 96.727 97.727 
104.142 103.142 102.142 101.142 100.142 99.142 98.142 97.142 96.142 95.142 94.142 93.142 92.142 91.142 90.142 89.142 88.142 87.142 86.142 85.142 84.142 83.142 82.142 81.142 80.142 79.142 78.142 77.142 76.142 75.142 74.142 73.142 72.142 71.142 70.142 69.142 68.142 67.142 66.142 65.142 64.142 63.142 62.142 61.142 60.142 59.142 58.142 57.142 56.142 55.142 54.142 53.142 52.142 51.142 50.142 49.142 48.142 47.142 46.142 45.142 44.142 43.142 42.142 41.142 40.142 39.142 38.142 37.142 36.142 35.142 34.142 33.142 32.142 31.142 30.142 29.142 28.142 27.142 26.142 25.142 24.142 23.142 22.142 21.142 20.142 19.142 18.142 17.142 16.142 15.142 14.142 13.727 13.313 12.899 12.485 12.071 11.656 11.242 10.828 10.414 10.0 10.0 10.0 10.0 10.0 10.0 10.414 10.828 11.242 11.656 12.071 12.485 12.899 13.313 13.727 14.142 15.142 16.142 17.142 18.142 19.142 20.142 21.142 22.142 23.142 24.142 25.142 26.142 27.142 28.142 29.142 30.142 31.142 32.142 33.142 34.142 35.142 36.142 37.142 38.142 39.142 40.142 41.142 42.142 43.142 44.142 45.142 46.142 47.142 48.142 49.142 50.142 51.142 52.142 53.142 54.142 55.142 56.142 57.142 58.142 59.142 60.142 61.142 62.142 63.142 64.142 65.142 66.142 67.142 68.142 69.142 70.142 71.142 72.142 73.142 74.142 75.142 76.142 77.142 78.142 79.142 80.142 81.142 82.142 83.142 84.142 85.142 86.142 87.142 88.142 89.142 90.142 91.142 92.142 93.142 94.142 95.142 96.142 97.142 98.142 
104.556 103.556 102.556 101.556 100.556 99.556 98.556 97.556 96.556 95.556 94.556 93.556 92.556 91.556 90.556 89.556 88.556 87.556 86.556 85.556 84.556 83.556 82.556 81.556 80.556 79.556 78.556 77.556 76.556 75.556 74.556 73.556 72.556 71.556 70.556 69.556 68.556 67.556 66.556 65.556 64.556 63.556 62.556 61.556 60.556 59.556 58.556 57.556 56.556 55.556 54.556 53.556 52.556 51.556 50.556 49.556 48.556 47.556 46.556 45.556 44.556 43.556 42.556 41.556 40.556 39.556 38.556 37.556 36.556 35.556 34.556 33.556 32.556 31.556 30.556 29.556 28.556 27.556 26.556 25.556 24.556 23.556 22.556 21.556 20.556 19.556 18.556 17.556 16.556 15.556 15.142 14.727 14.313 13.899 13.485 13.071 12.656 12.242 11.828 11.414 11.0 11.0 11.0 11.0 11.0 11.0 11.414 11.828 12.242 12.656 13.071 13.485 13.899 14.313 14.727 15.142 15.556 16.556 17.556 18.556 19.556 20.556 21.556 22.556 23.556 24.556 25.556 26.556 27.556 28.556 29.556 30.556 31.556 32.556 33.556 34.556 35.556 36.556 37.556 38.556 39.556 40.556 41.556 42.556 43.556 44.556 45.556 46.556 47.556 48.556 49.556 50.556 51.556 52.556 53.556 54.556 55.556 56.556 57.556 58.556 59.556 60.556 61.556 62.556 63.556 64.556 65.556 66.556 67.556 68.556 69.556 70.556 71.556 72.556 73.556 74.556 75.556 76.556 77.556 78.556 79.556 80.556 81.556 82.556 83.556 84.556 85.556 86.556 87.556 88.556 89.556 90.556 91.556 92.556 93.556 94.556 95.556 96.556 97.556 98.556 
104.97 103.97 102.97 101.97 100.97 99.97 98.97 97.97 96.97 95.97 94.97 93.97 92.97 91.97 90.97 89.97 88.97 87.97 86.97 85.97 84.97 83.97 82.97 81.97 80.97 79.97 78.97 77.97 76.97 75.97 74.97 73.97 72.97 71.97 70.97 69.97 68.97 67.97 66.97 65.97 64.97 63.97 62.97 61.97 60.97 59.97 58.97 57.97 56.97 55.97 54.97 53.97 52.97 51.97 50.97 49.97 48.97 47.97 46.97 45.97 44.97 43.97 42.97 41.97 40.97 39.97 38.97 37.97 36.97 35.97 34.97 33.97 32.97 31.97 30.97 29.97 28.97 27.97 26.97 25.97 24.97 23.97 22.97 21.97 20.97 19.97 18.97 17.97 16.97 16.556 16.142 15.727 15.313 14.899 14.485 14.071 13.656 13.242 12.828 12.414 12.0 12.0 12.0 12.0 12.0 12.0 12.414 12.828 13.242 13.656 14.071 14.485 14.899 15.313 15.727 16.142 16.556 16.97 17.97 18.97 19.97 20.97 21.97 22.97 23.97 24.97 25.97 26.97 27.97 28.97 29.97 30.97 31.97 32.97 33.97 34.97 35.97 36.97 37.97 38.97 39.97 40.97 41.97 42.97 43.97 44.97 45.97 46.97 47.97 48.97 49.97 50.97 51.97 52.97 53.97 54.97 55.97 56.97 57.97 58.97 59.97 60.97 61.97 62.97 63.97 64.97 65.97 66.97 67.97 68.97 69.97 70.97 71.97 72.97 73.97 74.97 75.97 76.97 77.97 78.97 79.97 80.97 81.97 82.97 83.97 84.97 85.97 86.97 87.97 88.97 89.97 90.97 91.97 92.97 93.97 94.97 95.97 96.97 97.97 98.97 
105.384 104.384 103.384 102.384 101.384 100.384 99.384 98.384 97.384 96.384 95.384 94.384 93.384 92.384 91.384 90.384 89.384 88.384 87.384 86.384 85.384 84.384 83.384 82.384 81.384 80.384 79.384 78.384 77.384 76.384 75.384 74.384 73.384 72.384 71.384 70.384 69.384 68.384 67.384 66.384 65.384 64.384 63.384 62.384 61.384 60.384 59.384 58.384 57.384 56.384 55.384 54.384 53.384 52.384 51.384 50.384 49.384 48.384 47.384 46.384 45.384 44.384 43.384 42.384 41.384 40.384 39.384 38.384 37.384 36.384 35.384 34.384 33.384 32.384 31.384 30.384 29.384 28.384 27.384 26.384 25.384 24.384 23.384 22.384 21.384 20.384 19.384 18.384 17.97 17.556 17.142 16.727 16.313 15.899 15.485 15.071 14.656 14.242 13.828 13.414 13.0 13.0 13.0 13.0 13.0 13.0 13.414 13.828 14.242 14.656 15.071 15.485 15.899 16.313 16.727 17.142 17.556 17.97 18.384 19.384 20.384 21.384 22.384 23.384 24.384 25.384 26.384 27.384 28.384 29.384 30.384 31.384 32.384 33.384 34.384 35.384 36.384 37.384 38.384 39.384 40.384 41.384 42.384 43.384 44.384 45.384 46.384 47.384 48.384 49.384 50.384 51.384 52.384 53.384 54.384 55.384 56.384 57.384 58.384 59.384 60.384 61.384 62.384 63.384 64.384 65.384 66.384 67.384 68.384 69.384 70.384 71.384 72.384 73.384 74.384 75.384 76.384 77.384 78.384 79.384 80.384 81.384 82.384 83.384 84.384 85.384 86.384 87.384 88.384 89.384 90.384 91.384 92.384 93.384 94.384 95.384 96.384 97.384 98.384 99.384 
105.798 104.798 103.798 102.798 101.798 100.798 99.798 98.798 97.798 96.798 95.798 94.798 93.798 92.798 91.798 90.798 89.798 88.798 87.798 86.798 85.798 84.798 83.798 82.798 81.798 80.798 79.798 78.798 77.798 76.798 75.798 74.798 73.798 72.798 71.798 70.798 69.798 68.798 67.798 66.798 65.798 64.798 63.798 62.798 61.798 60.798 59.798 58.798 57.798 56.798 55.798 54.798 53.798 52.798 51.798 50.798 49.798 48.798 47.798 46.798 45.798 44.798 43.798 42.798 41.798 40.798 39.798 38.798 37.798 36.798 35.798 34.798 33.798 32.798 31.798 30.798 29.798 28.798 27.798 26.798 25.798 24.798 23.798 22.798 21.798 20.798 19.798 19.384 18.97 18.556 18.142 17.727 17.313 16.899 16.485 16.071 15.656 15.242 14.828 14.414 14.0 14.0 14.0 14.0 14.0 14.0 14.414 14.828 15.242 15.656 16.071 16.485 16.899 17.313 17.727 18.142 18.556 18.97 19.384 19.798 20.798 21.798 22.798 23.798 24.798 25.798 26.798 27.798 28.798 29.798 30.798 31.798 32.798 33.798 34.798 35.798 36.798 37.798 38.798 39.798 40.798 41.798 42.798 43.798 44.798 45.798 46.798 47.798 48.798 49.798 50.798 51.798 52.798 53.798 54.798 55.798 56.798 57.798 58.798 59.798 60.798 61.798 62.798 63.798 64.798 65.798 66.798 67.798 68.798 69.798 70.798 71.798 72.798 73.798 74.798 75.798 76.798 77.798 78.798 79.798 80.798 81.798 82.798 83.798 84.798 85.798 86.798 87.798 88.798 89.798 90.798 91.798 92.798 93.798 94.798 95.798 96.798 97.798 98.798 99.798 
106.213 105.213 104.213 103.213 102.213 101.213 100.213 99.213 98.213 97.213 96.213 95.213 94.213 93.213 92.213 91.213 90.213 89.213 88.213 87.213 86.213 85.213 84.213 83.213 82.213 81.213 80.213 79.213 78.213 77.213 76.213 75.213 74.213 73.213 72.213 71.213 70.213 69.213 68.213 67.213 66.213 65.213 64.213 63.213 62.213 61.213 60.213 59.213 58.213 57.213 56.213 55.213 54.213 53.213 52.213 51.213 50.213 49.213 48.213 47.213 46.213 45.213 44.213 43.213 42.213 41.213 40.213 39.213 38.213 37.213 36.213 35.213 34.213 33.213 32.213 31.213 30.213 29.213 28.213 27.213 26.213 25.213 24.213 23.213 22.213 21.213 20.798 20.384 19.97 19.556 19.142 18.727 18.313 17.899 17.485 17.071 16.656 16.242 15.828 15.414 15.0 15.0 15.0 15.0 15.0 15.0 15.414 15.828 16.242 16.656 17.071 17.485 17.899 18.313 18.727 19.142 19.556 19.97 20.384 20.798 21.213 22.213 23.213 24.213 25.213 26.213 27.213 28.213 29.213 30.213 31.213 32.213 33.213 34.213 35.213 36.213 37.213 38.213 39.213 40.213 41.213 42.213 43.213 44.213 45.213 46.213 47.213 48.213 49.213 50.213 51.213 52.213 53.213 54.213 55.213 56.213 57.213 58.213 59.213 60.213 61.213 62.213 63.213 64.213 65.213 66.213 67.213 68.213 69.213 70.213 71.213 72.213 73.213 74.213 75.213 76.213 77.213 78.213 79.213 80.213 81.213 82.213 83.213 84.213 85.213 86.213 87.213 88.213 89.213 90.213 91.213 92.213 93.213 94.213 95.213 96.213 97.213 98.213 99.213 100.213 
106.627 105.627 104.627 103.627 102.627 101.627 100.627 99.627 98.627 97.627 96.627 95.627 94.627 93.627 92.627 91.627 90.627 89.627 88.627 87.627 86.627 85.627 84.627 83.627 82.627 81.627 80.627 79.627 78.627 77.627 76.627 75.627 74.627 73.627 72.627 71.627 70.627 69.627 68.627 67.627 66.627 65.627 64.627 63.627 62.627 61.627 60.627 59.627 58.627 57.627 56.627 55.627 54.627 53.627 52.627 51.627 50.627 49.627 48.627 47.627 46.627 45.627 44.627 43.627 42.627 41.627 40.627 39.627 38.627 37.627 36.627 35.627 34.627 33.627 32.627 31.627 30.627 29.627 28.627 27.627 26.627 25.627 24.627 23.627 22.627 22.213 21.798 21.384 20.97 20.556 20.142 19.727 19.313 18.899 18.485 18.071 17.656 17.242 16.828 16.414 16.0 16.0 16.0 16.0 16.0 16.0 16.414 16.828 17.242 17.656 18.071 18.485 18.899 19.313 19.727 20.142 20.556 20.97 21.384 21.798 22.213 22.627 23.627 24.627 25.627 26.627 27.627 28.627 29.627 30.627 31.627 32.627 33.627 34.627 35.627 36.627 37.627 38.627 39.627 40.627 41.627 42.627 43.627 44.627 45.627 46.627 47.627 48.627 49.627 50.627 51.627 52.627 53.627 54.627 55.627 56.627 57.627 58.627 59.627 60.627 61.627 62.627 63.627 64.627 65.627 66.627 67.627 68.627 69.627 70.627 71.627 72.627 73.627 74.627 75.627 76.627 77.627 78.627 79.627 80.627 81.627 82.627 83.627 84.627 85.627 86.627 87.627 88.627 89.627 90.627 91.627 92.627 93.627 94.627 95.627 96.627 97.627 98.627 99.627 100.627 
107.041 106.041 105.041 104.041 103.041 102.041 101.041 100.041 99.041 98.041 97.041 96.041 95.041 94.041 93.041 92.041 91.041 90.041 89.041 88.041 87.041 86.041 85.041 84.041 83.041 82.041 81.041 80.041 79.041 78.041 77.041 76.041 75.041 74.041 73.041 72.041 71.041 70.041 69.041 68.041 67.041 66.041 65.041 64.041 63.041 62.041 61.041 60.041 59.041 58.041 57.041 56.041 55.041 54.041 53.041 52.041 51.041 50.041 49.041 48.041 47.041 46.041 45.041 44.041 43.041 42.041 41.041 40.041 39.041 38.041 37.041 36.041 35.041 34.041 33.041 32.041 31.041 30.041 29.041 28.041 27.041 26.041 25.041 24.041 23.627 23.213 22.798 22.384 21.97 21.556 21.142 20.727 20.313 19.899 19.485 19.071 18.656 18.242 17.828 17.414 17.0 17.0 17.0 17.0 17.0 17.0 17.414 17.828 18.242 18.656 19.071 19.485 19.899 20.313 20.727 21.142 21.556 21.97 22.384 22.798 23.213 23.627 24.041 25.041 26.041 27.041 28.041 29.041 30.041 31.041 32.041 33.041 34.041 35.041 36.041 37.041 38.041 39.041 40.041 41.041 42.041 43.041 44.041 45.041 46.041 47.041 48.041 49.041 50.041 51.041 52.041 53.041 54.041 55.041 56.041 57.041 58.041 59.041 60.041 61.041 62.041 63.041 64.041 65.041 66.041 67.041 68.041 69.041 70.041 71.041 72.041 73.041 74.041 75.041 76.041 77.041 78.041 79.041 80.041 81.041 82.041 83.041 84.041 85.041 86.041 87.041 88.041 89.041 90.041 91.041 92.041 93.041 94.041 95.041 96.041 97.041 98.041 99.041 100.041 101.041 
107.455 106.455 105.455 104.455 103.455 102.455 101.455 100.455 99.455 98.455 97.455 96.455 95.455 94.455 93.455 92.455 91.455 90.455 89.455 88.455 87.455 86.455 85.455 84.455 83.455 82.455 81.455 80.455 79.455 78.455 77.455 76.455 75.455 74.455 73.455 72.455 71.455 70.455 69.455 68.455 67.455 66.455 65.455 64.455 63.455 62.455 61.455 60.455 59.455 58.455 57.455 56.455 55.455 54.455 53.455 52.455 51.455 50.455 49.455 48.455 47.455 46.455 45.455 44.455 43.455 42.455 41.455 40.455 39.455 38.455 37.455 36.455 35.455 34.455 33.455 32.455 31.455 30.455 29.455 28.455 27.455 26.455 25.455 25.041 24.627 24.213 23.798 23.384 22.97 22.556 22.142 21.727 21.313 20.899 20.485 20.071 19.656 19.242 18.828 18.414 18.0 18.0 18.0 18.0 18.0 18.0 18.414 18.828 19.242 19.656 20.071 20.485 20.899 21.313 21.727 22.142 22.556 22.97 23.384 23.798 24.213 24.627 25.041 25.455 26.455 27.455 28.455 29.455 30.455 31.455 32.455 33.455 34.455 35.455 36.455 37.455 38.455 39.455 40.455 41.455 42.455 43.455 44.455 45.455 46.455 47.455 48.455 49.455 50.455 51.455 52.455 53.455 54.455 55.455 56.455 57.455 58.455 59.455 60.455 61.455 62.455 63.455 64.455 65.455 66.455 67.455 68.455 69.455 70.455 71.455 72.455 73.455 74.455 75.455 76.455 77.455 78.455 79.455 80.455 81.455 82.455 83.455 84.455 85.455 86.455 87.455 88.455 89.455 90.455 91.455 92.455 93.455 94.455 95.455 96.455 97.455 98.455 99.455 100.455 101.455 
107.87 106.87 105.87 104.87 103.87 102.87 101.87 100.87 99.87 98.87 97.87 96.87 95.87 94.87 93.87 92.87 91.87 90.87 89.87 88.87 87.87 86.87 85.87 84.87 83.87 82.87 81.87 80.87 79.87 78.87 77.87 76.87 75.87 74.87 73.87 72.87 71.87 70.87 69.87 68.87 67.87 66.87 65.87 64.87 63.87 62.87 61.87 60.87 59.87 58.87 57.87 56.87 55.87 54.87 53.87 52.87 51.87 50.87 49.87 48.87 47.87 46.87 45.87 44.87 43.87 42.87 41.87 40.87 39.87 38.87 37.87 36.87 35.87 34.87 33.87 32.87 31.87 30.87 29.87 28.87 27.87 26.87 26.455 26.041 25.627 25.213 24.798 24.384 23.97 23.556 23.142 22.727 22.313 21.899 21.485 21.071 20.656 20.242 19.828 19.414 19.0 19.0 19.0 19.0 19.0 19.0 19.414 19.828 20.242 20.656 21.071 21.485 21.899 22.313 22.727 23.142 23.556 23.97 24.384 24.798 25.213 25.627 26.041 26.455 26.87 27.87 28.87 29.87 30.87 31.87 32.87 33.87 34.87 35.87 36.87 37.87 38.87 39.87 40.87 41.87 42.87 43.87 44.87 45.87 46.87 47.87 48.87 49.87 50.87 51.87 52.87 53.87 54.87 55.87 56.87 57.87 58.87 59.87 60.87 61.87 62.87 63.87 64.87 65.87 66.87 67.87 68.87 69.87 70.87 71.87 72.87 73.87 74.87 75.87 76.87 77.87 78.87 79.87 80.87 81.87 82.87 83.87 84.87 85.87 86.87 87.87 88.87 89.87 90.87 91.87 92.87 93.87 94.87 95.87 96.87 97.87 98.87 99.87 100.87 101.87 
108.284 107.284 106.284 105.284 104.284 103.284 102.284 101.284 100.284 99.284 98.284 97.284 96.284 95.284 94.284 93.284 92.284 91.284 90.284 89.284 88.284 87.284 86.284 85.284 84.284 83.284 82.284 81.284 80.284 79.284 78.284 77.284 76.284 75.284 74.284 73.284 72.284 71.284 70.284 69.284 68.284 67.284 66.284 65.284 64.284 63.284 62.284 61.284 60.284 59.284 58.284 57.284 56.284 55.284 54.284 53.284 52.284 51.284 50.284 49.284 48.284 47.284 46.284 45.284 44.284 43.284 42.284 41.284 40.284 39.284 38.284 37.284 36.284 35.284 34.284 33.284 32.284 31.284 30.284 29.284 28.284 27.87 27.455 27.041 26.627 26.213 25.798 25.384 24.97 24.556 24.142 23.727 23.313 22.899 22.485 22.071 21.656 21.242 20.828 20.414 20.0 20.0 20.0 20.0 20.0 20.0 20.414 20.828 21.242 21.656 22.071 22.485 22.899 23.313 23.727 24.142 24.556 24.97 25.384 25.798 26.213 26.627 27.041 27.455 27.87 28.284 29.284 30.284 31.284 32.284 33.284 34.284 35.284 36.284 37.284 38.284 39.284 40.284 41.284 42.284 43.284 44.284 45.284 46.284 47.284 48.284 49.284 50.284 51.284 52.284 53.284 54.284 55.284 56.284 57.284 58.284 59.284 60.284 61.284 62.284 63.284 64.284 65.284 66.284 67.284 68.284 69.284 70.284 71.284 72.284 73.284 74.284 75.284 76.284 77.284 78.284 79.284 80.284 81.284 82.284 83.284 84.284 85.284 86.284 87.284 88.284 89.284 90.284 91.284 92.284 93.284 94.284 95.284 96.284 97.284 98.284 99.284 100.284 101.284 102.284 
108.698 107.698 106.698 105.698 104.698 103.698 102.698 101.698 100.698 99.698 98.698 97.698 96.698 95.698 94.698 93.698 92.698 91.698 90.698 89.698 88.698 87.698 86.698 85.698 84.698 83.698 82.698 81.698 80.698 79.698 78.698 77.698 76.698 75.698 74.698 73.698 72.698 71.698 70.698 69.698 68.698 67.698 66.698 65.698 64.698 63.698 62.698 61.698 60.698 59.698 58.698 57.698 56.698 55.698 54.698 53.698 52.698 51.698 50.698 49.698 48.698 47.698 46.698 45.698 44.698 43.698 42.698 41.698 40.698 39.698 38.698 37.698 36.698 35.698 34.698 33.698 32.698 31.698 30.698 29.698 29.284 28.87 28.455 28.041 27.627 27.213 26.798 26.384 25.97 25.556 25.142 24.727 24.313 23.899 23.485 23.071 22.656 22.242 21.828 21.414 21.0 21.0 21.0 21.0 21.0 21.0 21.414 21.828 22.242 22.656 23.071 23.485 23.899 24.313 24.727 25.142 25.556 25.97 26.384 26.798 27.213 27.627 28.041 28.455 28.87 29.284 29.698 30.698 31.698 32.698 33.698 34.698 35.698 36.698 37.698 38.698 39.698 40.698 41.698 42.698 43.698 44.698 45.698 46.698 47.698 48.698 49.698 50.698 51.698 52.698 53.698 54.698 55.698 56.698 57.698 58.698 59.698 60.698 61.698 62.698 63.698 64.698 65.698 66.698 67.698 68.698 69.698 70.698 71.698 72.698 73.698 74.698 75.698 76.698 77.698 78.698 79.698 80.698 81.698 82.698 83.698 84.698 85.698 86.698 87.698 88.698 89.698 90.698 91.698 92.698 93.698 94.698 95.698 96.698 97.698 98.698 99.698 100.698 101.698 102.698 
