30.384 29.384 28.384 27.384 26.384 25.384 24.384 23.384 22.384 21.384 20.384 19.384 18.384 17.97 17.556 17.142 16.727 16.313 15.899 15.485 15.071 14.656 14.242 13.828 13.414 13.0 13.0 13.0 13.0 13.0 13.0 13.414 13.828 14.242 14.656 15.071 15.485 15.899 16.313 16.727 17.142 17.556 17.97 18.384 19.384 20.384 21.384 22.384 23.384 24.384 
29.97 28.97 27.97 26.97 25.97 24.97 23.97 22.97 21.97 20.97 19.97 18.97 17.97 16.97 16.556 16.142 15.727 15.313 14.899 14.485 14.071 13.656 13.242 12.828 12.414 12.0 12.0 12.0 12.0 12.0 12.0 12.414 12.828 13.242 13.656 14.071 14.485 14.899 15.313 15.727 16.142 16.556 16.97 17.97 18.97 19.97 20.97 21.97 22.97 23.97 
29.556 28.556 27.556 26.556 25.556 24.556 23.556 22.556 21.556 20.556 19.556 18.556 17.556 16.556 15.556 15.142 14.727 14.313 13.899 13.485 13.071 12.656 12.242 11.828 11.414 11.0 11.0 11.0 11.0 11.0 11.0 11.414 11.828 12.242 12.656 13.071 13.485 13.899 14.313 14.727 15.142 15.556 16.556 17.556 18.556 19.556 20.556 21.556 22.556 23.556 
29.142 28.142 27.142 26.142 25.142 24.142 23.142 22.142 21.142 20.142 19.142 18.142 17.142 16.142 15.142 14.142 13.727 13.313 12.899 12.485 12.071 11.656 11.242 10.828 10.414 10.0 10.0 10.0 10.0 10.0 10.0 10.414 10.828 11.242 11.656 12.071 12.485 12.899 13.313 13.727 14.142 15.142 16.142 17.142 18.142 19.142 20.142 21.142 22.142 23.142 
28.727 27.727 26.727 25.727 24.727 23.727 22.727 21.727 20.727 19.727 18.727 17.727 16.727 15.727 14.727 13.727 12.727 12.313 11.899 11.485 11.071 10.656 10.242 9.828 9.414 9.0 9.0 9.0 9.0 9.0 9.0 9.414 9.828 10.242 10.656 11.071 11.485 11.899 12.313 12.727 13.727 14.727 15.727 16.727 17.727 18.727 19.727 20.727 21.727 22.727 
28.313 27.313 26.313 25.313 24.313 23.313 22.313 21.313 20.313 19.313 18.313 17.313 16.313 15.313 14.313 13.313 12.313 11.313 10.899 10.485 10.071 9.656 9.242 8.828 8.414 8.0 8.0 8.0 8.0 8.0 8.0 8.414 8.828 9.242 9.656 10.071 10.485 10.899 11.313 12.313 13.313 14.313 15.313 16.313 17.313 18.313 19.313 20.313 21.313 22.313 
27.899 26.899 25.899 24.899 23.899 22.899 21.899 20.899 19.899 18.899 17.899 16.899 15.899 14.899 13.899 12.899 11.899 10.899 9.899 9.485 9.071 8.656 8.242 7.828 7.414 7.0 7.0 7.0 7.0 7.0 7.0 7.414 7.828 8.242 8.656 9.071 9.485 9.899 10.899 11.899 12.899 13.899 14.899 15.899 16.899 17.899 18.899 19.899 20.899 21.899 
27.485 26.485 25.485 24.485 23.485 22.485 21.485 20.485 19.485 18.485 17.485 16.485 15.485 14.485 13.485 12.485 11.485 10.485 9.485 8.485 8.071 7.656 7.242 6.828 6.414 6.0 6.0 6.0 6.0 6.0 6.0 6.414 6.828 7.242 7.656 8.071 8.485 9.485 10.485 11.485 12.485 13.485 14.485 15.485 16.485 17.485 18.485 19.485 20.485 21.485 
27.071 26.071 25.071 24.071 23.071 22.071 21.071 20.071 19.071 18.071 17.071 16.071 15.071 14.071 13.071 12.071 11.071 10.071 9.071 8.071 7.071 6.656 6.242 5.828 5.414 5.0 5.0 5.0 5.0 5.0 5.0 5.414 5.828 6.242 6.656 7.071 8.071 9.071 10.071 11.071 12.071 13.071 14.071 15.071 16.071 17.071 18.071 19.071 20.071 21.071 
26.656 25.656 24.656 23.656 22.656 21.656 20.656 19.656 18.656 17.656 16.656 15.656 14.656 13.656 12.656 11.656 10.656 9.656 8.656 7.656 6.656 5.656 5.242 4.828 4.414 4.0 4.0 4.0 4.0 4.0 4.0 4.414 4.828 5.242 5.656 6.656 7.656 8.656 9.656 10.656 11.656 12.656 13.656 14.656 15.656 16.656 17.656 18.656 19.656 20.656 
26.242 25.242 24.242 23.242 22.242 21.242 20.242 19.242 18.242 17.242 16.242 15.242 14.242 13.242 12.242 11.242 10.242 9.242 8.242 7.242 6.242 5.242 4.242 3.828 3.414 3.0 3.0 3.0 3.0 3.0 3.0 3.414 3.828 4.242 5.242 6.242 7.242 8.242 9.242 10.242 11.242 12.242 13.242 14.242 15.242 16.242 17.242 18.242 19.242 20.242 
25.828 24.828 23.828 22.828 21.828 20.828 19.828 18.828 17.828 16.828 15.828 14.828 13.828 12.828 11.828 10.828 9.828 8.828 7.828 6.828 5.828 4.828 3.828 2.828 2.414 2.0 2.0 2.0 2.0 2.0 2.0 2.414 2.828 3.828 4.828 5.828 6.828 7.828 8.828 9.828 10.828 11.828 12.828 13.828 14.828 15.828 16.828 17.828 18.828 19.828 
25.414 24.414 23.414 22.414 21.414 20.414 19.414 18.414 17.414 16.414 15.414 14.414 13.414 12.414 11.414 10.414 9.414 8.414 7.414 6.414 5.414 4.414 3.414 2.414 1.414 1.0 1.0 1.0 1.0 1.0 1.0 1.414 2.414 3.414 4.414 5.414 6.414 7.414 8.414 9.414 10.414 11.414 12.414 13.414 14.414 15.414 16.414 17.414 18.414 19.414 
25.0 24.0 23.0 22.0 21.0 20.0 19.0 18.0 17.0 16.0 15.0 14.0 13.0 12.0 11.0 10.0 9.0 8.0 7.0 6.0 5.0 4.0 3.0 2.0 1.0 0.0 0.0 0.0 0.0 0.0 0.0 1.0 2.0 3.0 4.0 5.0 6.0 7.0 8.0 9.0 10.0 11.0 12.0 13.0 14.0 15.0 16.0 17.0 18.0 19.0 
25.414 24.414 23.414 22.414 21.414 20.414 19.414 18.414 17.414 16.414 15.414 14.414 13.414 12.414 11.414 10.414 9.414 8.414 7.414 6.414 5.414 4.414 3.414 2.414 1.414 1.0 1.0 1.0 1.0 1.0 1.0 1.414 2.414 3.414 4.414 5.414 6.414 7.414 8.414 9.414 10.414 11.414 12.414 13.414 14.414 15.414 16.414 17.414 18.414 19.414 
25.828 24.828 23.828 22.828 21.828 20.828 19.828 18.828 17.828 16.828 15.828 14.828 13.828 12.828 11.828 10.828 9.828 8.828 7.828 6.828 5.828 4.828 3.828 2.828 2.414 2.0 2.0 2.0 2.0 2.0 2.0 2.414 2.828 3.828 4.828 5.828 6.828 7.828 8.828 9.828 10.828 11.828 12.828 13.828 14.828 15.828 16.828 17.828 18.828 19.828 
26.242 25.242 24.242 23.242 22.242 21.242 20.242 19.242 18.242 17.242 16.242 15.242 14.242 13.242 12.242 11.242 10.242 9.242 8.242 7.242 6.242 5.242 4.242 3.828 3.414 3.0 3.0 3.0 3.0 3.0 3.0 3.414 3.828 4.242 5.242 6.242 7.242 8.242 9.242 10.242 11.242 12.242 13.242 14.242 15.242 16.242 17.242 18.242 19.242 20.242 
26.656 25.656 24.656 23.656 22.656 21.656 20.656 19.656 18.656 17.656 16.656 15.656 14.656 13.656 12.656 11.656 10.656 9.656 8.656 7.656 6.656 5.656 5.242 4.828 4.414 4.0 4.0 4.0 4.0 4.0 4.0 4.414 4.828 5.242 5.656 6.656 7.656 8.656 9.656 10.656 11.656 12.656 13.656 14.656 15.656 16.656 17.656 18.656 19.656 20.656 
