206.526 205.526 204.526 203.526 202.526 201.526 200.526 199.526 198.526 197.526 196.526 195.526 194.526 193.526 192.526 191.526 190.526 189.526 188.526 187.526 186.526 185.526 184.526 183.526 182.526 181.526 180.526 179.526 178.526 177.526 176.526 175.526 174.526 173.526 172.526 171.526 170.526 169.526 168.526 167.526 166.526 165.526 164.526 163.526 162.526 161.526 160.526 159.526 158.526 157.526 156.526 155.526 154.526 153.526 152.526 151.526 150.526 149.526 148.526 147.526 146.526 145.526 144.526 143.526 142.526 141.526 140.526 139.526 138.526 137.526 136.526 135.526 134.526 133.526 132.526 131.526 130.526 129.526 128.526 127.526 126.526 125.526 124.526 123.526 122.526 121.526 120.526 119.526 118.526 117.526 116.526 115.526 114.526 113.526 112.526 111.526 110.526 109.526 108.526 107.526 106.526 105.526 104.526 103.526 102.526 101.526 100.526 99.526 98.526 97.526 96.526 95.526 94.526 93.526 92.526 91.526 90.526 89.526 88.526 87.526 86.526 85.526 84.526 83.526 82.526 81.526 80.526 79.526 78.526 77.526 76.526 75.526 74.526 73.526 72.526 71.526 70.526 69.526 68.526 67.526 66.526 65.526 64.526 63.526 62.526 61.526 60.526 59.526 58.526 57.526 56.526 55.526 54.526 53.526 52.526 51.526 50.526 49.526 48.526 47.526 46.526 45.526 44.526 43.526 42.526 41.526 40.526 39.526 38.526 37.526 36.526 35.526 34.526 33.526 32.526 32.112 31.698 31.284 30.87 30.455 30.041 29.627 29.213 28.798 28.384 27.97 27.556 27.142 26.727 26.313 25.899 25.485 25.071 24.656 24.242 23.828 23.414 23.0 23.0 23.0 
206.112 205.112 204.112 203.112 202.112 201.112 200.112 199.112 198.112 197.112 196.112 195.112 194.112 193.112 192.112 191.112 190.112 189.112 188.112 187.112 186.112 185.112 184.112 183.112 182.112 181.112 180.112 179.112 178.112 177.112 176.112 175.112 174.112 173.112 172.112 171.112 170.112 169.112 168.112 167.112 166.112 165.112 164.112 163.112 162.112 161.112 160.112 159.112 158.112 157.112 156.112 155.112 154.112 153.112 152.112 151.112 150.112 149.112 148.112 147.112 146.112 145.112 144.112 143.112 142.112 141.112 140.112 139.112 138.112 137.112 136.112 135.112 134.112 133.112 132.112 131.112 130.112 129.112 128.112 127.112 126.112 125.112 124.112 123.112 122.112 121.112 120.112 119.112 118.112 117.112 116.112 115.112 114.112 113.112 112.112 111.112 110.112 109.112 108.112 107.112 106.112 105.112 104.112 103.112 102.112 101.112 100.112 99.112 98.112 97.112 96.112 95.112 94.112 93.112 92.112 91.112 90.112 89.112 88.112 87.112 86.112 85.112 84.112 83.112 82.112 81.112 80.112 79.112 78.112 77.112 76.112 75.112 74.112 73.112 72.112 71.112 70.112 69.112 68.112 67.112 66.112 65.112 64.112 63.112 62.112 61.112 60.112 59.112 58.112 57.112 56.112 55.112 54.112 53.112 52.112 51.112 50.112 49.112 48.112 47.112 46.112 45.112 44.112 43.112 42.112 41.112 40.112 39.112 38.112 37.112 36.112 35.112 34.112 33.112 32.112 31.112 30.698 30.284 29.87 29.455 29.041 28.627 28.213 27.798 27.384 26.97 26.556 26.142 25.727 25.313 24.899 24.485 24.071 23.656 23.242 22.828 22.414 22.0 22.0 22.0 
205.698 204.698 203.698 202.698 201.698 200.698 199.698 198.698 197.698 196.698 195.698 194.698 193.698 192.698 191.698 190.698 189.698 188.698 187.698 186.698 185.698 184.698 183.698 182.698 181.698 180.698 179.698 178.698 177.698 176.698 175.698 174.698 173.698 172.698 171.698 170.698 169.698 168.698 167.698 166.698 165.698 164.698 163.698 162.698 161.698 160.698 159.698 158.698 157.698 156.698 155.698 154.698 153.698 152.698 151.698 150.698 149.698 148.698 147.698 146.698 145.698 144.698 143.698 142.698 141.698 140.698 139.698 138.698 137.698 136.698 135.698 134.698 133.698 132.698 131.698 130.698 129.698 128.698 127.698 126.698 125.698 124.698 123.698 122.698 121.698 120.698 119.698 118.698 117.698 116.698 115.698 114.698 113.698 112.698 111.698 110.698 109.698 108.698 107.698 106.698 105.698 104.698 103.698 102.698 101.698 100.698 99.698 98.698 97.698 96.698 95.698 94.698 93.698 92.698 91.698 90.698 89.698 88.698 87.698 86.698 85.698 84.698 83.698 82.698 81.698 80.698 79.698 78.698 77.698 76.698 75.698 74.698 73.698 72.698 71.698 70.698 69.698 68.698 67.698 66.698 65.698 64.698 63.698 62.698 61.698 60.698 59.698 58.698 57.698 56.698 55.698 54.698 53.698 52.698 51.698 50.698 49.698 48.698 47.698 46.698 45.698 44.698 43.698 42.698 41.698 40.698 39.698 38.698 37.698 36.698 35.698 34.698 33.698 32.698 31.698 30.698 29.698 29.284 28.87 28.455 28.041 27.627 27.213 26.798 26.384 25.97 25.556 25.142 24.727 24.313 23.899 23.485 23.071 22.656 22.242 21.828 21.414 21.0 21.0 21.0 
205.284 204.284 203.284 202.284 201.284 200.284 199.284 198.284 197.284 196.284 195.284 194.284 193.284 192.284 191.284 190.284 189.284 188.284 187.284 186.284 185.284 184.284 183.284 182.284 181.284 180.284 179.284 178.284 177.284 176.284 175.284 174.284 173.284 172.284 171.284 170.284 169.284 168.284 167.284 166.284 165.284 164.284 163.284 162.284 161.284 160.284 159.284 158.284 157.284 156.284 155.284 154.284 153.284 152.284 151.284 150.284 149.284 148.284 147.284 146.284 145.284 144.284 143.284 142.284 141.284 140.284 139.284 138.284 137.284 136.284 135.284 134.284 133.284 132.284 131.284 130.284 129.284 128.284 127.284 126.284 125.284 124.284 123.284 122.284 121.284 120.284 119.284 118.284 117.284 116.284 115.284 114.284 113.284 112.284 111.284 110.284 109.284 108.284 107.284 106.284 105.284 104.284 103.284 102.284 101.284 100.284 99.284 98.284 97.284 96.284 95.284 94.284 93.284 92.284 91.284 90.284 89.284 88.284 87.284 86.284 85.284 84.284 83.284 82.284 81.284 80.284 79.284 78.284 77.284 76.284 75.284 74.284 73.284 72.284 71.284 70.284 69.284 68.284 67.284 66.284 65.284 64.284 63.284 62.284 61.284 60.284 59.284 58.284 57.284 56.284 55.284 54.284 53.284 52.284 51.284 50.284 49.284 48.284 47.284 46.284 45.284 44.284 43.284 42.284 41.284 40.284 39.284 38.284 37.284 36.284 35.284 34.284 33.284 32.284 31.284 30.284 29.284 28.284 27.87 27.455 27.041 26.627 26.213 25.798 25.384 24.97 24.556 24.142 23.727 23.313 22.899 22.485 22.071 21.656 21.242 20.828 20.414 20.0 20.0 20.0 
204.87 203.87 202.87 201.87 200.87 199.87 198.87 197.87 196.87 195.87 194.87 193.87 192.87 191.87 190.87 189.87 188.87 187.87 186.87 185.87 184.87 183.87 182.87 181.87 180.87 179.87 178.87 177.87 176.87 175.87 174.87 173.87 172.87 171.87 170.87 169.87 168.87 167.87 166.87 165.87 164.87 163.87 162.87 161.87 160.87 159.87 158.87 157.87 156.87 155.87 154.87 153.87 152.87 151.87 150.87 149.87 148.87 147.87 146.87 145.87 144.87 143.87 142.87 141.87 140.87 139.87 138.87 137.87 136.87 135.87 134.87 133.87 132.87 131.87 130.87 129.87 128.87 127.87 126.87 125.87 124.87 123.87 122.87 121.87 120.87 119.87 118.87 117.87 116.87 115.87 114.87 113.87 112.87 111.87 110.87 109.87 108.87 107.87 106.87 105.87 104.87 103.87 102.87 101.87 100.87 99.87 98.87 97.87 96.87 95.87 94.87 93.87 92.87 91.87 90.87 89.87 88.87 87.87 86.87 85.87 84.87 83.87 82.87 81.87 80.87 79.87 78.87 77.87 76.87 75.87 74.87 73.87 72.87 71.87 70.87 69.87 68.87 67.87 66.87 65.87 64.87 63.87 62.87 61.87 60.87 59.87 58.87 57.87 56.87 55.87 54.87 53.87 52.87 51.87 50.87 49.87 48.87 47.87 46.87 45.87 44.87 43.87 42.87 41.87 40.87 39.87 38.87 37.87 36.87 35.87 34.87 33.87 32.87 31.87 30.87 29.87 28.87 27.87 26.87 26.455 26.041 25.627 25.213 24.798 24.384 23.97 23.556 23.142 22.727 22.313 21.899 21.485 21.071 20.656 20.242 19.828 19.414 19.0 19.0 19.0 
204.455 203.455 202.455 201.455 200.455 199.455 198.455 197.455 196.455 195.455 194.455 193.455 192.455 191.455 190.455 189.455 188.455 187.455 186.455 185.455 184.455 183.455 182.455 181.455 180.455 179.455 178.455 177.455 176.455 175.455 174.455 173.455 172.455 171.455 170.455 169.455 168.455 167.455 166.455 165.455 164.455 163.455 162.455 161.455 160.455 159.455 158.455 157.455 156.455 155.455 154.455 153.455 152.455 151.455 150.455 149.455 148.455 147.455 146.455 145.455 144.455 143.455 142.455 141.455 140.455 139.455 138.455 137.455 136.455 135.455 134.455 133.455 132.455 131.455 130.455 129.455 128.455 127.455 126.455 125.455 124.455 123.455 122.455 121.455 120.455 119.455 118.455 117.455 116.455 115.455 114.455 113.455 112.455 111.455 110.455 109.455 108.455 107.455 106.455 105.455 104.455 103.455 102.455 101.455 100.455 99.455 98.455 97.455 96.455 95.455 94.455 93.455 92.455 91.455 90.455 89.455 88.455 87.455 86.455 85.455 84.455 83.455 82.455 81.455 80.455 79.455 78.455 77.455 76.455 75.455 74.455 73.455 72.455 71.455 70.455 69.455 68.455 67.455 66.455 65.455 64.455 63.455 62.455 61.455 60.455 59.455 58.455 57.455 56.455 55.455 54.455 53.455 52.455 51.455 50.455 49.455 48.455 47.455 46.455 45.455 44.455 43.455 42.455 41.455 40.455 39.455 38.455 37.455 36.455 35.455 34.455 33.455 32.455 31.455 30.455 29.455 28.455 27.455 26.455 25.455 25.041 24.627 24.213 23.798 23.384 22.97 22.556 22.142 21.727 21.313 20.899 20.485 20.071 19.656 19.242 18.828 18.414 18.0 18.0 18.0 
204.041 203.041 202.041 201.041 200.041 199.041 198.041 197.041 196.041 195.041 194.041 193.041 192.041 191.041 190.041 189.041 188.041 187.041 186.041 185.041 184.041 183.041 182.041 181.041 180.041 179.041 178.041 177.041 176.041 175.041 174.041 173.041 172.041 171.041 170.041 169.041 168.041 167.041 166.041 165.041 164.041 163.041 162.041 161.041 160.041 159.041 158.041 157.041 156.041 155.041 154.041 153.041 152.041 151.041 150.041 149.041 148.041 147.041 146.041 145.041 144.041 143.041 142.041 141.041 140.041 139.041 138.041 137.041 136.041 135.041 134.041 133.041 132.041 131.041 130.041 129.041 128.041 127.041 126.041 125.041 124.041 123.041 122.041 121.041 120.041 119.041 118.041 117.041 116.041 115.041 114.041 113.041 112.041 111.041 110.041 109.041 108.041 107.041 106.041 105.041 104.041 103.041 102.041 101.041 100.041 99.041 98.041 97.041 96.041 95.041 94.041 93.041 92.041 91.041 90.041 89.041 88.041 87.041 86.041 85.041 84.041 83.041 82.041 81.041 80.041 79.041 78.041 77.041 76.041 75.041 74.041 73.041 72.041 71.041 70.041 69.041 68.041 67.041 66.041 65.041 64.041 63.041 62.041 61.041 60.041 59.041 58.041 57.041 56.041 55.041 54.041 53.041 52.041 51.041 50.041 49.041 48.041 47.041 46.041 45.041 44.041 43.041 42.041 41.041 40.041 39.041 38.041 37.041 36.041 35.041 34.041 33.041 32.041 31.041 30.041 29.041 28.041 27.041 26.041 25.041 24.041 23.627 23.213 22.798 22.384 21.97 21.556 21.142 20.727 20.313 19.899 19.485 19.071 18.656 18.242 17.828 17.414 17.0 17.0 17.0 
203.627 202.627 201.627 200.627 199.627 198.627 197.627 196.627 195.627 194.627 193.627 192.627 191.627 190.627 189.627 188.627 187.627 186.627 185.627 184.627 183.627 182.627 181.627 180.627 179.627 178.627 177.627 176.627 175.627 174.627 173.627 172.627 171.627 170.627 169.627 168.627 167.627 166.627 165.627 164.627 163.627 162.627 161.627 160.627 159.627 158.627 157.627 156.627 155.627 154.627 153.627 152.627 151.627 150.627 149.627 148.627 147.627 146.627 145.627 144.627 143.627 142.627 141.627 140.627 139.627 138.627 137.627 136.627 135.627 134.627 133.627 132.627 131.627 130.627 129.627 128.627 127.627 126.627 125.627 124.627 123.627 122.627 121.627 120.627 119.627 118.627 117.627 116.627 115.627 114.627 113.627 112.627 111.627 110.627 109.627 108.627 107.627 106.627 105.627 104.627 103.627 102.627 101.627 100.627 99.627 98.627 97.627 96.627 95.627 94.627 93.627 92.627 91.627 90.627 89.627 88.627 87.627 86.627 85.627 84.627 83.627 82.627 81.627 80.627 79.627 78.627 77.627 76.627 75.627 74.627 73.627 72.627 71.627 70.627 69.627 68.627 67.627 66.627 65.627 64.627 63.627 62.627 61.627 60.627 59.627 58.627 57.627 56.627 55.627 54.627 53.627 52.627 51.627 50.627 49.627 48.627 47.627 46.627 45.627 44.627 43.627 42.627 41.627 40.627 39.627 38.627 37.627 36.627 35.627 34.627 33.627 32.627 31.627 30.627 29.627 28.627 27.627 26.627 25.627 24.627 23.627 22.627 22.213 21.798 21.384 20.97 20.556 20.142 19.727 19.313 18.899 18.485 18.071 17.656 17.242 16.828 16.414 16.0 16.0 16.0 
203.213 202.213 201.213 200.213 199.213 198.213 197.213 196.213 195.213 194.213 193.213 192.213 191.213 190.213 189.213 188.213 187.213 186.213 185.213 184.213 183.213 182.213 181.213 180.213 179.213 178.213 177.213 176.213 175.213 174.213 173.213 172.213 171.213 170.213 169.213 168.213 167.213 166.213 165.213 164.213 163.213 162.213 161.213 160.213 159.213 158.213 157.213 156.213 155.213 154.213 153.213 152.213 151.213 150.213 149.213 148.213 147.213 146.213 145.213 144.213 143.213 142.213 141.213 140.213 139.213 138.213 137.213 136.213 135.213 134.213 133.213 132.213 131.213 130.213 129.213 128.213 127.213 126.213 125.213 124.213 123.213 122.213 121.213 120.213 119.213 118.213 117.213 116.213 115.213 114.213 113.213 112.213 111.213 110.213 109.213 108.213 107.213 106.213 105.213 104.213 103.213 102.213 101.213 100.213 99.213 98.213 97.213 96.213 95.213 94.213 93.213 92.213 91.213 90.213 89.213 88.213 87.213 86.213 85.213 84.213 83.213 82.213 81.213 80.213 79.213 78.213 77.213 76.213 75.213 74.213 73.213 72.213 71.213 70.213 69.213 68.213 67.213 66.213 65.213 64.213 63.213 62.213 61.213 60.213 59.213 58.213 57.213 56.213 55.213 54.213 53.213 52.213 51.213 50.213 49.213 48.213 47.213 46.213 45.213 44.213 43.213 42.213 41.213 40.213 39.213 38.213 37.213 36.213 35.213 34.213 33.213 32.213 31.213 30.213 29.213 28.213 27.213 26.213 25.213 24.213 23.213 22.213 21.213 20.798 20.384 19.97 19.556 19.142 18.727 18.313 17.899 17.485 17.071 16.656 16.242 15.828 15.414 15.0 15.0 15.0 
202.798 201.798 200.798 199.798 198.798 197.798 196.798 195.798 194.798 193.798 192.798 191.798 190.798 189.798 188.798 187.798 186.798 185.798 184.798 183.798 182.798 181.798 180.798 179.798 178.798 177.798 176.798 175.798 174.798 173.798 172.798 171.798 170.798 169.798 168.798 167.798 166.798 165.798 164.798 163.798 162.798 161.798 160.798 159.798 158.798 157.798 156.798 155.798 154.798 153.798 152.798 151.798 150.798 149.798 148.798 147.798 146.798 145.798 144.798 143.798 142.798 141.798 140.798 139.798 138.798 137.798 136.798 135.798 134.798 133.798 132.798 131.798 130.798 129.798 128.798 127.798 126.798 125.798 124.798 123.798 122.798 121.798 120.798 119.798 118.798 117.798 116.798 115.798 114.798 113.798 112.798 111.798 110.798 109.798 108.798 107.798 106.798 105.798 104.798 103.798 102.798 101.798 100.798 99.798 98.798 97.798 96.798 95.798 94.798 93.798 92.798 91.798 90.798 89.798 88.798 87.798 86.798 85.798 84.798 83.798 82.798 81.798 80.798 79.798 78.798 77.798 76.798 75.798 74.798 73.798 72.798 71.798 70.798 69.798 68.798 67.798 66.798 65.798 64.798 63.798 62.798 61.798 60.798 59.798 58.798 57.798 56.798 55.798 54.798 53.798 52.798 51.798 50.798 49.798 48.798 47.798 46.798 45.798 44.798 43.798 42.798 41.798 40.798 39.798 38.798 37.798 36.798 35.798 34.798 33.798 32.798 31.798 30.798 29.798 28.798 27.798 26.798 25.798 24.798 23.798 22.798 21.798 20.798 19.798 19.384 18.97 18.556 18.142 17.727 17.313 16.899 16.485 16.071 15.656 15.242 14.828 14.414 14.0 14.0 14.0 
202.384 201.384 200.384 199.384 198.384 197.384 196.384 195.384 194.384 193.384 192.384 191.384 190.384 189.384 188.384 187.384 186.384 185.384 184.384 183.384 182.384 181.384 180.384 179.384 178.384 177.384 176.384 175.384 174.384 173.384 172.384 171.384 170.384 169.384 168.384 167.384 166.384 165.384 164.384 163.384 162.384 161.384 160.384 159.384 158.384 157.384 156.384 155.384 154.384 153.384 152.384 151.384 150.384 149.384 148.384 147.384 146.384 145.384 144.384 143.384 142.384 141.384 140.384 139.384 138.384 137.384 136.384 135.384 134.384 133.384 132.384 131.384 130.384 129.384 128.384 127.384 126.384 125.384 124.384 123.384 122.384 121.384 120.384 119.384 118.384 117.384 116.384 115.384 114.384 113.384 112.384 111.384 110.384 109.384 108.384 107.384 106.384 105.384 104.384 103.384 102.384 101.384 100.384 99.384 98.384 97.384 96.384 95.384 94.384 93.384 92.384 91.384 90.384 89.384 88.384 87.384 86.384 85.384 84.384 83.384 82.384 81.384 80.384 79.384 78.384 77.384 76.384 75.384 74.384 73.384 72.384 71.384 70.384 69.384 68.384 67.384 66.384 65.384 64.384 63.384 62.384 61.384 60.384 59.384 58.384 57.384 56.384 55.384 54.384 53.384 52.384 51.384 50.384 49.384 48.384 47.384 46.384 45.384 44.384 43.384 42.384 41.384 40.384 39.384 38.384 37.384 36.384 35.384 34.384 33.384 32.384 31.384 30.384 29.384 28.384 27.384 26.384 25.384 24.384 23.384 22.384 21.384 20.384 19.384 18.384 17.97 17.556 17.142 16.727 16.313 15.899 15.485 15.071 14.656 14.242 13.828 13.414 13.0 13.0 13.0 
201.97 200.97 199.97 198.97 197.97 196.97 195.97 194.97 193.97 192.97 191.97 190.97 189.97 188.97 187.97 186.97 185.97 184.97 183.97 182.97 181.97 180.97 179.97 178.97 177.97 176.97 175.97 174.97 173.97 172.97 171.97 170.97 169.97 168.97 167.97 166.97 165.97 164.97 163.97 162.97 161.97 160.97 159.97 158.97 157.97 156.97 155.97 154.97 153.97 152.97 151.97 150.97 149.97 148.97 147.97 146.97 145.97 144.97 143.97 142.97 141.97 140.97 139.97 138.97 137.97 136.97 135.97 134.97 133.97 132.97 131.97 130.97 129.97 128.97 127.97 126.97 125.97 124.97 123.97 122.97 121.97 120.97 119.97 118.97 117.97 116.97 115.97 114.97 113.97 112.97 111.97 110.97 109.97 108.97 107.97 106.97 105.97 104.97 103.97 102.97 101.97 100.97 99.97 98.97 97.97 96.97 95.97 94.97 93.97 92.97 91.97 90.97 89.97 88.97 87.97 86.97 85.97 84.97 83.97 82.97 81.97 80.97 79.97 78.97 77.97 76.97 75.97 74.97 73.97 72.97 71.97 70.97 69.97 68.97 67.97 66.97 65.97 64.97 63.97 62.97 61.97 60.97 59.97 58.97 57.97 56.97 55.97 54.97 53.97 52.97 51.97 50.97 49.97 48.97 47.97 46.97 45.97 44.97 43.97 42.97 41.97 40.97 39.97 38.97 37.97 36.97 35.97 34.97 33.97 32.97 31.97 30.97 29.97 28.97 27.97 26.97 25.97 24.97 23.97 22.97 21.97 20.97 19.97 18.97 17.97 16.97 16.556 16.142 15.727 15.313 14.899 14.485 14.071 13.656 13.242 12.828 12.414 12.0 12.0 12.0 
201.556 200.556 199.556 198.556 197.556 196.556 195.556 194.556 193.556 192.556 191.556 190.556 189.556 188.556 187.556 186.556 185.556 184.556 183.556 182.556 181.556 180.556 179.556 178.556 177.556 176.556 175.556 174.556 173.556 172.556 171.556 170.556 169.556 168.556 167.556 166.556 165.556 164.556 163.556 162.556 161.556 160.556 159.556 158.556 157.556 156.556 155.556 154.556 153.556 152.556 151.556 150.556 149.556 148.556 147.556 146.556 145.556 144.556 143.556 142.556 141.556 140.556 139.556 138.556 137.556 136.556 135.556 134.556 133.556 132.556 131.556 130.556 129.556 128.556 127.556 126.556 125.556 124.556 123.556 122.556 121.556 120.556 119.556 118.556 117.556 116.556 115.556 114.556 113.556 112.556 111.556 110.556 109.556 108.556 107.556 106.556 105.556 104.556 103.556 102.556 101.556 100.556 99.556 98.556 97.556 96.556 95.556 94.556 93.556 92.556 91.556 90.556 89.556 88.556 87.556 86.556 85.556 84.556 83.556 82.556 81.556 80.556 79.556 78.556 77.556 76.556 75.556 74.556 73.556 72.556 71.556 70.556 69.556 68.556 67.556 66.556 65.556 64.556 63.556 62.556 61.556 60.556 59.556 58.556 57.556 56.556 55.556 54.556 53.556 52.556 51.556 50.556 49.556 48.556 47.556 46.556 45.556 44.556 43.556 42.556 41.556 40.556 39.556 38.556 37.556 36.556 35.556 34.556 33.556 32.556 31.556 30.556 29.556 28.556 27.556 26.556 25.556 24.556 23.556 22.556 21.556 20.556 19.556 18.556 17.556 16.556 15.556 15.142 14.727 14.313 13.899 13.485 13.071 12.656 12.242 11.828 11.414 11.0 11.0 11.0 
201.142 200.142 199.142 198.142 197.142 196.142 195.142 194.142 193.142 192.142 191.142 190.142 189.142 188.142 187.142 186.142 185.142 184.142 183.142 182.142 181.142 180.142 179.142 178.142 177.142 176.142 175.142 174.142 173.142 172.142 171.142 170.142 169.142 168.142 167.142 166.142 165.142 164.142 163.142 162.142 161.142 160.142 159.142 158.142 157.142 156.142 155.142 154.142 153.142 152.142 151.142 150.142 149.142 148.142 147.142 146.142 145.142 144.142 143.142 142.142 141.142 140.142 139.142 138.142 137.142 136.142 135.142 134.142 133.142 132.142 131.142 130.142 129.142 128.142 127.142 126.142 125.142 124.142 123.142 122.142 121.142 120.142 119.142 118.142 117.142 116.142 115.142 114.142 113.142 112.142 111.142 110.142 109.142 108.142 107.142 106.142 105.142 104.142 103.142 102.142 101.142 100.142 99.142 98.142 97.142 96.142 95.142 94.142 93.142 92.142 91.142 90.142 89.142 88.142 87.142 86.142 85.142 84.142 83.142 82.142 81.142 80.142 79.142 78.142 77.142 76.142 75.142 74.142 73.142 72.142 71.142 70.142 69.142 68.142 67.142 66.142 65.142 64.142 63.142 62.142 61.142 60.142 59.142 58.142 57.142 56.142 55.142 54.142 53.142 52.142 51.142 50.142 49.142 48.142 47.142 46.142 45.142 44.142 43.142 42.142 41.142 40.142 39.142 38.142 37.142 36.142 35.142 34.142 33.142 32.142 31.142 30.142 29.142 28.142 27.142 26.142 25.142 24.142 23.142 22.142 21.142 20.142 19.142 18.142 17.142 16.142 15.142 14.142 13.727 13.313 12.899 12.485 12.071 11.656 11.242 10.828 10.414 10.0 10.0 10.0 
200.727 199.727 198.727 197.727 196.727 195.727 194.727 193.727 192.727 191.727 190.727 189.727 188.727 187.727 186.727 185.727 184.727 183.727 182.727 181.727 180.727 179.727 178.727 177.727 176.727 175.727 174.727 173.727 172.727 171.727 170.727 169.727 168.727 167.727 166.727 165.727 164.727 163.727 162.727 161.727 160.727 159.727 158.727 157.727 156.727 155.727 154.727 153.727 152.727 151.727 150.727 149.727 148.727 147.727 146.727 145.727 144.727 143.727 142.727 141.727 140.727 139.727 138.727 137.727 136.727 135.727 134.727 133.727 132.727 131.727 130.727 129.727 128.727 127.727 126.727 125.727 124.727 123.727 122.727 121.727 120.727 119.727 118.727 117.727 116.727 115.727 114.727 113.727 112.727 111.727 110.727 109.727 108.727 107.727 106.727 105.727 104.727 103.727 102.727 101.727 100.727 99.727 98.727 97.727 96.727 95.727 94.727 93.727 92.727 91.727 90.727 89.727 88.727 87.727 86.727 85.727 84.727 83.727 82.727 81.727 80.727 79.727 78.727 77.727 76.727 75.727 74.727 73.727 72.727 71.727 70.727 69.727 68.727 67.727 66.727 65.727 64.727 63.727 62.727 61.727 60.727 59.727 58.727 57.727 56.727 55.727 54.727 53.727 52.727 51.727 50.727 49.727 48.727 47.727 46.727 45.727 44.727 43.727 42.727 41.727 40.727 39.727 38.727 37.727 36.727 35.727 34.727 33.727 32.727 31.727 30.727 29.727 28.727 27.727 26.727 25.727 24.727 23.727 22.727 21.727 20.727 19.727 18.727 17.727 16.727 15.727 14.727 13.727 12.727 12.313 11.899 11.485 11.071 10.656 10.242 9.828 9.414 9.0 9.0 9.0 
200.313 199.313 198.313 197.313 196.313 195.313 194.313 193.313 192.313 191.313 190.313 189.313 188.313 187.313 186.313 185.313 184.313 183.313 182.313 181.313 180.313 179.313 178.313 177.313 176.313 175.313 174.313 173.313 172.313 171.313 170.313 169.313 168.313 167.313 166.313 165.313 164.313 163.313 162.313 161.313 160.313 159.313 158.313 157.313 156.313 155.313 154.313 153.313 152.313 151.313 150.313 149.313 148.313 147.313 146.313 145.313 144.313 143.313 142.313 141.313 140.313 139.313 138.313 137.313 136.313 135.313 134.313 133.313 132.313 131.313 130.313 129.313 128.313 127.313 126.313 125.313 124.313 123.313 122.313 121.313 120.313 119.313 118.313 117.313 116.313 115.313 114.313 113.313 112.313 111.313 110.313 109.313 108.313 107.313 106.313 105.313 104.313 103.313 102.313 101.313 100.313 99.313 98.313 97.313 96.313 95.313 94.313 93.313 92.313 91.313 90.313 89.313 88.313 87.313 86.313 85.313 84.313 83.313 82.313 81.313 80.313 79.313 78.313 77.313 76.313 75.313 74.313 73.313 72.313 71.313 70.313 69.313 68.313 67.313 66.313 65.313 64.313 63.313 62.313 61.313 60.313 59.313 58.313 57.313 56.313 55.313 54.313 53.313 52.313 51.313 50.313 49.313 48.313 47.313 46.313 45.313 44.313 43.313 42.313 41.313 40.313 39.313 38.313 37.313 36.313 35.313 34.313 33.313 32.313 31.313 30.313 29.313 28.313 27.313 26.313 25.313 24.313 23.313 22.313 21.313 20.313 19.313 18.313 17.313 16.313 15.313 14.313 13.313 12.313 11.313 10.899 10.485 10.071 9.656 9.242 8.828 8.414 8.0 8.0 8.0 
199.899 198.899 197.899 196.899 195.899 194.899 193.899 192.899 191.899 190.899 189.899 188.899 187.899 186.899 185.899 184.899 183.899 182.899 181.899 180.899 179.899 178.899 177.899 176.899 175.899 174.899 173.899 172.899 171.899 170.899 169.899 168.899 167.899 166.899 165.899 164.899 163.899 162.899 161.899 160.899 159.899 158.899 157.899 156.899 155.899 154.899 153.899 152.899 151.899 150.899 149.899 148.899 147.899 146.899 145.899 144.899 143.899 142.899 141.899 140.899 139.899 138.899 137.899 136.899 135.899 134.899 133.899 132.899 131.899 130.899 129.899 128.899 127.899 126.899 125.899 124.899 123.899 122.899 121.899 120.899 119.899 118.899 117.899 116.899 115.899 114.899 113.899 112.899 111.899 110.899 109.899 108.899 107.899 106.899 105.899 104.899 103.899 102.899 101.899 100.899 99.899 98.899 97.899 96.899 95.899 94.899 93.899 92.899 91.899 90.899 89.899 88.899 87.899 86.899 85.899 84.899 83.899 82.899 81.899 80.899 79.899 78.899 77.899 76.899 75.899 74.899 73.899 72.899 71.899 70.899 69.899 68.899 67.899 66.899 65.899 64.899 63.899 62.899 61.899 60.899 59.899 58.899 57.899 56.899 55.899 54.899 53.899 52.899 51.899 50.899 49.899 48.899 47.899 46.899 45.899 44.899 43.899 42.899 41.899 40.899 39.899 38.899 37.899 36.899 35.899 34.899 33.899 32.899 31.899 30.899 29.899 28.899 27.899 26.899 25.899 24.899 23.899 22.899 21.899 20.899 19.899 18.899 17.899 16.899 15.899 14.899 13.899 12.899 11.899 10.899 9.899 9.485 9.071 8.656 8.242 7.828 7.414 7.0 7.0 7.0 
199.485 198.485 197.485 196.485 195.485 194.485 193.485 192.485 191.485 190.485 189.485 188.485 187.485 186.485 185.485 184.485 183.485 182.485 181.485 180.485 179.485 178.485 177.485 176.485 175.485 174.485 173.485 172.485 171.485 170.485 169.485 168.485 167.485 166.485 165.485 164.485 163.485 162.485 161.485 160.485 159.485 158.485 157.485 156.485 155.485 154.485 153.485 152.485 151.485 150.485 149.485 148.485 147.485 146.485 145.485 144.485 143.485 142.485 141.485 140.485 139.485 138.485 137.485 136.485 135.485 134.485 133.485 132.485 131.485 130.485 129.485 128.485 127.485 126.485 125.485 124.485 123.485 122.485 121.485 120.485 119.485 118.485 117.485 116.485 115.485 114.485 113.485 112.485 111.485 110.485 109.485 108.485 107.485 106.485 105.485 104.485 103.485 102.485 101.485 100.485 99.485 98.485 97.485 96.485 95.485 94.485 93.485 92.485 91.485 90.485 89.485 88.485 87.485 86.485 85.485 84.485 83.485 82.485 81.485 80.485 79.485 78.485 77.485 76.485 75.485 74.485 73.485 72.485 71.485 70.485 69.485 68.485 67.485 66.485 65.485 64.485 63.485 62.485 61.485 60.485 59.485 58.485 57.485 56.485 55.485 54.485 53.485 52.485 51.485 50.485 49.485 48.485 47.485 46.485 45.485 44.485 43.485 42.485 41.485 40.485 39.485 38.485 37.485 36.485 35.485 34.485 33.485 32.485 31.485 30.485 29.485 28.485 27.485 26.485 25.485 24.485 23.485 22.485 21.485 20.485 19.485 18.485 17.485 16.485 15.485 14.485 13.485 12.485 11.485 10.485 9.485 8.485 8.071 7.656 7.242 6.828 6.414 6.0 6.0 6.0 
199.071 198.071 197.071 196.071 195.071 194.071 193.071 192.071 191.071 190.071 189.071 188.071 187.071 186.071 185.071 184.071 183.071 182.071 181.071 180.071 179.071 178.071 177.071 176.071 175.071 174.071 173.071 172.071 171.071 170.071 169.071 168.071 167.071 166.071 165.071 164.071 163.071 162.071 161.071 160.071 159.071 158.071 157.071 156.071 155.071 154.071 153.071 152.071 151.071 150.071 149.071 148.071 147.071 146.071 145.071 144.071 143.071 142.071 141.071 140.071 139.071 138.071 137.071 136.071 135.071 134.071 133.071 132.071 131.071 130.071 129.071 128.071 127.071 126.071 125.071 124.071 123.071 122.071 121.071 120.071 119.071 118.071 117.071 116.071 115.071 114.071 113.071 112.071 111.071 110.071 109.071 108.071 107.071 106.071 105.071 104.071 103.071 102.071 101.071 100.071 99.071 98.071 97.071 96.071 95.071 94.071 93.071 92.071 91.071 90.071 89.071 88.071 87.071 86.071 85.071 84.071 83.071 82.071 81.071 80.071 79.071 78.071 77.071 76.071 75.071 74.071 73.071 72.071 71.071 70.071 69.071 68.071 67.071 66.071 65.071 64.071 63.071 62.071 61.071 60.071 59.071 58.071 57.071 56.071 55.071 54.071 53.071 52.071 51.071 50.071 49.071 48.071 47.071 46.071 45.071 44.071 43.071 42.071 41.071 40.071 39.071 38.071 37.071 36.071 35.071 34.071 33.071 32.071 31.071 30.071 29.071 28.071 27.071 26.071 25.071 24.071 23.071 22.071 21.071 20.071 19.071 18.071 17.071 16.071 15.071 14.071 13.071 12.071 11.071 10.071 9.071 8.071 7.071 6.656 6.242 5.828 5.414 5.0 5.0 5.0 
198.656 197.656 196.656 195.656 194.656 193.656 192.656 191.656 190.656 189.656 188.656 187.656 186.656 185.656 184.656 183.656 182.656 181.656 180.656 179.656 178.656 177.656 176.656 175.656 174.656 173.656 172.656 171.656 170.656 169.656 168.656 167.656 166.656 165.656 164.656 163.656 162.656 161.656 160.656 159.656 158.656 157.656 156.656 155.656 154.656 153.656 152.656 151.656 150.656 149.656 148.656 147.656 146.656 145.656 144.656 143.656 142.656 141.656 140.656 139.656 138.656 137.656 136.656 135.656 134.656 133.656 132.656 131.656 130.656 129.656 128.656 127.656 126.656 125.656 124.656 123.656 122.656 121.656 120.656 119.656 118.656 117.656 116.656 115.656 114.656 113.656 112.656 111.656 110.656 109.656 108.656 107.656 106.656 105.656 104.656 103.656 102.656 101.656 100.656 99.656 98.656 97.656 96.656 95.656 94.656 93.656 92.656 91.656 90.656 89.656 88.656 87.656 86.656 85.656 84.656 83.656 82.656 81.656 80.656 79.656 78.656 77.656 76.656 75.656 74.656 73.656 72.656 71.656 70.656 69.656 68.656 67.656 66.656 65.656 64.656 63.656 62.656 61.656 60.656 59.656 58.656 57.656 56.656 55.656 54.656 53.656 52.656 51.656 50.656 49.656 48.656 47.656 46.656 45.656 44.656 43.656 42.656 41.656 40.656 39.656 38.656 37.656 36.656 35.656 34.656 33.656 32.656 31.656 30.656 29.656 28.656 27.656 26.656 25.656 24.656 23.656 22.656 21.656 20.656 19.656 18.656 17.656 16.656 15.656 14.656 13.656 12.656 11.656 10.656 9.656 8.656 7.656 6.656 5.656 5.242 4.828 4.414 4.0 4.0 4.0 
198.242 197.242 196.242 195.242 194.242 193.242 192.242 191.242 190.242 189.242 188.242 187.242 186.242 185.242 184.242 183.242 182.242 181.242 180.242 179.242 178.242 177.242 176.242 175.242 174.242 173.242 172.242 171.242 170.242 169.242 168.242 167.242 166.242 165.242 164.242 163.242 162.242 161.242 160.242 159.242 158.242 157.242 156.242 155.242 154.242 153.242 152.242 151.242 150.242 149.242 148.242 147.242 146.242 145.242 144.242 143.242 142.242 141.242 140.242 139.242 138.242 137.242 136.242 135.242 134.242 133.242 132.242 131.242 130.242 129.242 128.242 127.242 126.242 125.242 124.242 123.242 122.242 121.242 120.242 119.242 118.242 117.242 116.242 115.242 114.242 113.242 112.242 111.242 110.242 109.242 108.242 107.242 106.242 105.242 104.242 103.242 102.242 101.242 100.242 99.242 98.242 97.242 96.242 95.242 94.242 93.242 92.242 91.242 90.242 89.242 88.242 87.242 86.242 85.242 84.242 83.242 82.242 81.242 80.242 79.242 78.242 77.242 76.242 75.242 74.242 73.242 72.242 71.242 70.242 69.242 68.242 67.242 66.242 65.242 64.242 63.242 62.242 61.242 60.242 59.242 58.242 57.242 56.242 55.242 54.242 53.242 52.242 51.242 50.242 49.242 48.242 47.242 46.242 45.242 44.242 43.242 42.242 41.242 40.242 39.242 38.242 37.242 36.242 35.242 34.242 33.242 32.242 31.242 30.242 29.242 28.242 27.242 26.242 25.242 24.242 23.242 22.242 21.242 20.242 19.242 18.242 17.242 16.242 15.242 14.242 13.242 12.242 11.242 10.242 9.242 8.242 7.242 6.242 5.242 4.242 3.828 3.414 3.0 3.0 3.0 
197.828 196.828 195.828 194.828 193.828 192.828 191.828 190.828 189.828 188.828 187.828 186.828 185.828 184.828 183.828 182.828 181.828 180.828 179.828 178.828 177.828 176.828 175.828 174.828 173.828 172.828 171.828 170.828 169.828 168.828 167.828 166.828 165.828 164.828 163.828 162.828 161.828 160.828 159.828 158.828 157.828 156.828 155.828 154.828 153.828 152.828 151.828 150.828 149.828 148.828 147.828 146.828 145.828 144.828 143.828 142.828 141.828 140.828 139.828 138.828 137.828 136.828 135.828 134.828 133.828 132.828 131.828 130.828 129.828 128.828 127.828 126.828 125.828 124.828 123.828 122.828 121.828 120.828 119.828 118.828 117.828 116.828 115.828 114.828 113.828 112.828 111.828 110.828 109.828 108.828 107.828 106.828 105.828 104.828 103.828 102.828 101.828 100.828 99.828 98.828 97.828 96.828 95.828 94.828 93.828 92.828 91.828 90.828 89.828 88.828 87.828 86.828 85.828 84.828 83.828 82.828 81.828 80.828 79.828 78.828 77.828 76.828 75.828 74.828 73.828 72.828 71.828 70.828 69.828 68.828 67.828 66.828 65.828 64.828 63.828 62.828 61.828 60.828 59.828 58.828 57.828 56.828 55.828 54.828 53.828 52.828 51.828 50.828 49.828 48.828 47.828 46.828 45.828 44.828 43.828 42.828 41.828 40.828 39.828 38.828 37.828 36.828 35.828 34.828 33.828 32.828 31.828 30.828 29.828 28.828 27.828 26.828 25.828 24.828 23.828 22.828 21.828 20.828 19.828 18.828 17.828 16.828 15.828 14.828 13.828 12.828 11.828 10.828 9.828 8.828 7.828 6.828 5.828 4.828 3.828 2.828 2.414 2.0 2.0 2.0 
197.414 196.414 195.414 194.414 193.414 192.414 191.414 190.414 189.414 188.414 187.414 186.414 185.414 184.414 183.414 182.414 181.414 180.414 179.414 178.414 177.414 176.414 175.414 174.414 173.414 172.414 171.414 170.414 169.414 168.414 167.414 166.414 165.414 164.414 163.414 162.414 161.414 160.414 159.414 158.414 157.414 156.414 155.414 154.414 153.414 152.414 151.414 150.414 149.414 148.414 147.414 146.414 145.414 144.414 143.414 142.414 141.414 140.414 139.414 138.414 137.414 136.414 135.414 134.414 133.414 132.414 131.414 130.414 129.414 128.414 127.414 126.414 125.414 124.414 123.414 122.414 121.414 120.414 119.414 118.414 117.414 116.414 115.414 114.414 113.414 112.414 111.414 110.414 109.414 108.414 107.414 106.414 105.414 104.414 103.414 102.414 101.414 100.414 99.414 98.414 97.414 96.414 95.414 94.414 93.414 92.414 91.414 90.414 89.414 88.414 87.414 86.414 85.414 84.414 83.414 82.414 81.414 80.414 79.414 78.414 77.414 76.414 75.414 74.414 73.414 72.414 71.414 70.414 69.414 68.414 67.414 66.414 65.414 64.414 63.414 62.414 61.414 60.414 59.414 58.414 57.414 56.414 55.414 54.414 53.414 52.414 51.414 50.414 49.414 48.414 47.414 46.414 45.414 44.414 43.414 42.414 41.414 40.414 39.414 38.414 37.414 36.414 35.414 34.414 33.414 32.414 31.414 30.414 29.414 28.414 27.414 26.414 25.414 24.414 23.414 22.414 21.414 20.414 19.414 18.414 17.414 16.414 15.414 14.414 13.414 12.414 11.414 10.414 9.414 8.414 7.414 6.414 5.414 4.414 3.414 2.414 1.414 1.0 1.0 1.0 
197.828 196.828 195.828 194.828 193.828 192.828 191.828 190.828 189.828 188.828 187.828 186.828 185.828 184.828 183.828 182.828 181.828 180.828 179.828 178.828 177.828 176.828 175.828 174.828 173.828 172.828 171.828 170.828 169.828 168.828 167.828 166.828 165.828 164.828 163.828 162.828 161.828 160.828 159.828 158.828 157.828 156.828 155.828 154.828 153.828 152.828 151.828 150.828 149.828 148.828 147.828 146.828 145.828 144.828 143.828 142.828 141.828 140.828 139.828 138.828 137.828 136.828 135.828 134.828 133.828 132.828 131.828 130.828 129.828 128.828 127.828 126.828 125.828 124.828 123.828 122.828 121.828 120.828 119.828 118.828 117.828 116.828 115.828 114.828 113.828 112.828 111.828 110.828 109.828 108.828 107.828 106.828 105.828 104.828 103.828 102.828 101.828 100.828 99.0 98.0 97.0 96.0 95.0 94.0 93.0 92.0 91.0 90.0 89.0 88.0 87.0 86.0 85.0 84.0 83.0 82.0 81.0 80.0 79.0 78.0 77.0 76.0 75.0 74.0 73.0 72.0 71.0 70.0 69.0 68.0 67.0 66.0 65.0 64.0 63.0 62.0 61.0 60.0 59.0 58.0 57.0 56.0 55.0 54.0 53.0 52.0 51.0 50.0 49.0 48.0 47.0 46.0 45.0 44.0 43.0 42.0 41.0 40.0 39.0 38.0 37.0 36.0 35.0 34.0 33.0 32.0 31.0 30.0 29.0 28.0 27.0 26.0 25.0 24.0 23.0 22.0 21.0 20.0 19.0 18.0 17.0 16.0 15.0 14.0 13.0 12.0 11.0 10.0 9.0 8.0 7.0 6.0 5.0 4.0 3.0 2.0 1.0 0.0 0.0 0.0 
197.414 196.414 195.414 194.414 193.414 192.414 191.414 190.414 189.414 188.414 187.414 186.414 185.414 184.414 183.414 182.414 181.414 180.414 179.414 178.414 177.414 176.414 175.414 174.414 173.414 172.414 171.414 170.414 169.414 168.414 167.414 166.414 165.414 164.414 163.414 162.414 161.414 160.414 159.414 158.414 157.414 156.414 155.414 154.414 153.414 152.414 151.414 150.414 149.414 148.414 147.414 146.414 145.414 144.414 143.414 142.414 141.414 140.414 139.414 138.414 137.414 136.414 135.414 134.414 133.414 132.414 131.414 130.414 129.414 128.414 127.414 126.414 125.414 124.414 123.414 122.414 121.414 120.414 119.414 118.414 117.414 116.414 115.414 114.414 113.414 112.414 111.414 110.414 109.414 108.414 107.414 106.414 105.414 104.414 103.414 102.414 101.414 100.414 99.0 98.0 97.0 96.0 95.0 94.0 93.0 92.0 91.0 90.0 89.0 88.0 87.0 86.0 85.0 84.0 83.0 82.0 81.0 80.0 79.0 78.0 77.0 76.0 75.0 74.0 73.0 72.0 71.0 70.0 69.0 68.0 67.0 66.0 65.0 64.0 63.0 62.0 61.0 60.0 59.0 58.0 57.0 56.0 55.0 54.0 53.0 52.0 51.0 50.0 49.0 48.0 47.0 46.0 45.0 44.0 43.0 42.0 41.0 40.0 39.0 38.0 37.0 36.0 35.0 34.0 33.0 32.0 31.0 30.0 29.0 28.0 27.0 26.0 25.0 24.0 23.0 22.0 21.0 20.0 19.0 18.0 17.0 16.0 15.0 14.0 13.0 12.0 11.0 10.0 9.0 8.0 7.0 6.0 5.0 4.0 3.0 2.0 1.0 0.0 0.0 0.0 
197.828 196.828 195.828 194.828 193.828 192.828 191.828 190.828 189.828 188.828 187.828 186.828 185.828 184.828 183.828 182.828 181.828 180.828 179.828 178.828 177.828 176.828 175.828 174.828 173.828 172.828 171.828 170.828 169.828 168.828 167.828 166.828 165.828 164.828 163.828 162.828 161.828 160.828 159.828 158.828 157.828 156.828 155.828 154.828 153.828 152.828 151.828 150.828 149.828 148.828 147.828 146.828 145.828 144.828 143.828 142.828 141.828 140.828 139.828 138.828 137.828 136.828 135.828 134.828 133.828 132.828 131.828 130.828 129.828 128.828 127.828 126.828 125.828 124.828 123.828 122.828 121.828 120.828 119.828 118.828 117.828 116.828 115.828 114.828 113.828 112.828 111.828 110.828 109.828 108.828 107.828 106.828 105.828 104.828 103.828 102.828 101.828 100.414 99.414 98.414 97.414 96.414 95.414 94.414 93.414 92.414 91.414 90.414 89.414 88.414 87.414 86.414 85.414 84.414 83.414 82.414 81.414 80.414 79.414 78.414 77.414 76.414 75.414 74.414 73.414 72.414 71.414 70.414 69.414 68.414 67.414 66.414 65.414 64.414 63.414 62.414 61.414 60.414 59.414 58.414 57.414 56.414 55.414 54.414 53.414 52.414 51.414 50.414 49.414 48.414 47.414 46.414 45.414 44.414 43.414 42.414 41.414 40.414 39.414 38.414 37.414 36.414 35.414 34.414 33.414 32.414 31.414 30.414 29.414 28.414 27.414 26.414 25.414 24.414 23.414 22.414 21.414 20.414 19.414 18.414 17.414 16.414 15.414 14.414 13.414 12.414 11.414 10.414 9.414 8.414 7.414 6.414 5.414 4.414 3.414 2.414 1.414 0.0 0.0 0.0 
